=== Run information ===

Scheme:       weka.classifiers.bayes.NaiveBayes 
Relation:     hepatitis-weka.filters.unsupervised.attribute.NumericToNominal-Rfirst-last-weka.filters.unsupervised.attribute.ReplaceMissingValues-weka.filters.supervised.instance.SMOTE-C0-K5-P285.0-S1-weka.filters.unsupervised.attribute.Remove-R2-4,6-10,12-13,19
Instances:    246
Attributes:   9
              AGE
              FATIGUE
              SPIDERS
              BILIRUBIN
              ALK_PHOSPHATE
              SGOT
              ALBUMIN
              PROTIME
              Class
Test mode:    10-fold cross-validation

=== Classifier model (full training set) ===

Naive Bayes Classifier

                Class
Attribute         DIE  LIVE
                (0.5) (0.5)
============================
AGE
  7                1.0   2.0
  20               1.0   4.0
  22               1.0   3.0
  23               1.0   5.0
  24               1.0   3.0
  25               1.0   4.0
  26               1.0   2.0
  27               1.0   5.0
  28               1.0   6.0
  30              14.0   8.0
  31               8.0   4.0
  32               1.0   5.0
  33              14.0   3.0
  34              14.0   8.0
  35               2.0   2.0
  36               1.0   8.0
  37              13.0   5.0
  38               3.0   7.0
  39               2.0   6.0
  40               1.0   4.0
  41               2.0   3.0
  42              14.0   4.0
  43               5.0   1.0
  44               2.0   5.0
  45               2.0   5.0
  46               2.0   1.0
  47              19.0   2.0
  48               2.0   2.0
  49               2.0   3.0
  50               2.0   6.0
  51               2.0   6.0
  52               1.0   4.0
  53               1.0   2.0
  54               2.0   5.0
  56               2.0   3.0
  57              12.0   1.0
  58               2.0   2.0
  59               2.0   1.0
  60               1.0   2.0
  61               2.0   3.0
  62               2.0   2.0
  64               1.0   2.0
  65               1.0   2.0
  66               1.0   2.0
  67               1.0   2.0
  69               1.0   2.0
  70               2.0   1.0
  72               1.0   2.0
  78               1.0   2.0
  [total]        172.0 172.0

FATIGUE
  no               3.0  53.0
  yes            122.0  72.0
  [total]        125.0 125.0

SPIDERS
  no              26.0  95.0
  yes             99.0  30.0
  [total]        125.0 125.0

BILIRUBIN
  0.3              1.0   2.0
  0.4             11.0   2.0
  0.5              8.0   2.0
  0.6              5.0  10.0
  0.7             17.0  23.0
  0.8              1.0  11.0
  0.9              2.0  13.0
  1               32.0  32.0
  1.1              1.0   2.0
  1.2             12.0   7.0
  1.3              1.0   7.0
  1.4              5.0   2.0
  1.5              3.0   6.0
  1.6              1.0   4.0
  1.7              6.0   2.0
  1.8              1.0   2.0
  1.9              5.0   1.0
  2               13.0   3.0
  2.2              1.0   2.0
  2.3              2.0   3.0
  2.4              1.0   2.0
  2.5              2.0   1.0
  2.8              3.0   1.0
  2.9              2.0   1.0
  3                1.0   2.0
  3.2              1.0   3.0
  3.5              1.0   2.0
  3.9              2.0   1.0
  4.1              2.0   1.0
  4.2              2.0   1.0
  4.6              6.0   3.0
  4.8              2.0   1.0
  7.6              2.0   1.0
  8                2.0   1.0
  [total]        157.0 157.0

ALK_PHOSPHATE
  26               1.0   2.0
  30               1.0   2.0
  34               1.0   2.0
  40               1.0   2.0
  44               1.0   2.0
  45               1.0   2.0
  46               1.0   3.0
  48               1.0   2.0
  50               1.0   2.0
  52               1.0   2.0
  53               1.0   2.0
  55               1.0   2.0
  56               1.0   2.0
  57               1.0   2.0
  58               1.0   2.0
  59               1.0   2.0
  60               1.0   2.0
  62               5.0   4.0
  63              17.0   1.0
  65              17.0   1.0
  67               4.0   1.0
  68               1.0   2.0
  70               1.0   3.0
  71               1.0   2.0
  72               1.0   3.0
  74               1.0   2.0
  75               1.0   4.0
  76               1.0   3.0
  78               1.0   4.0
  80               1.0   3.0
  81               1.0   5.0
  82               8.0   2.0
  84               4.0   1.0
  85              49.0  39.0
  86              11.0   1.0
  89               1.0   2.0
  90               2.0   1.0
  92               1.0   2.0
  95               1.0   3.0
  96               1.0   2.0
  100              2.0   3.0
  102              1.0   3.0
  103              1.0   2.0
  107              2.0   1.0
  109              2.0   1.0
  110              1.0   2.0
  114              1.0   2.0
  115              1.0   2.0
  118              2.0   1.0
  119              1.0   2.0
  120              2.0   2.0
  123              2.0   1.0
  125              1.0   2.0
  126              1.0   2.0
  127              2.0   1.0
  130              1.0   2.0
  133              1.0   2.0
  135              2.0   3.0
  138              2.0   1.0
  139              1.0   2.0
  141              1.0   3.0
  147              1.0   2.0
  150              1.0   2.0
  155              2.0   2.0
  158              1.0   2.0
  160              1.0   2.0
  164              1.0   2.0
  165              2.0   1.0
  166              2.0   1.0
  167              2.0   1.0
  168              1.0   2.0
  175              1.0   2.0
  179              1.0   2.0
  180              1.0   2.0
  181              1.0   2.0
  191              1.0   2.0
  194              1.0   2.0
  215              1.0   3.0
  230              1.0   2.0
  243              2.0   1.0
  256              1.0   2.0
  280              2.0   1.0
  295              1.0   2.0
  [total]        206.0 206.0

SGOT
  14               1.0   3.0
  15               1.0   2.0
  16              17.0   2.0
  18               1.0   5.0
  19              11.0   2.0
  20              28.0   9.0
  23              15.0   1.0
  24               1.0   4.0
  25               1.0   3.0
  28              18.0   4.0
  29               1.0   2.0
  30               2.0   5.0
  31               1.0   4.0
  32               1.0   2.0
  33               1.0   3.0
  34               1.0   3.0
  38               1.0   4.0
  39               1.0   2.0
  40               1.0   3.0
  42               1.0   3.0
  43               1.0   2.0
  44               1.0   4.0
  45               1.0   3.0
  46               1.0   3.0
  48               5.0   3.0
  49               5.0   1.0
  52               1.0   3.0
  53               1.0   4.0
  54               1.0   2.0
  55              13.0   3.0
  58               2.0   3.0
  59               1.0   2.0
  60               2.0   6.0
  63               1.0   2.0
  64               2.0   2.0
  65               1.0   4.0
  68               2.0   3.0
  69               1.0   4.0
  70               2.0   1.0
  75               2.0   4.0
  78               1.0   2.0
  80               2.0   2.0
  81               1.0   2.0
  86               1.0   2.0
  89               1.0   2.0
  90               1.0   2.0
  92               1.0   3.0
  98               2.0   2.0
  100              1.0   2.0
  101              2.0   1.0
  110              1.0   2.0
  114              2.0   1.0
  117              1.0   2.0
  118              1.0   2.0
  120              2.0   2.0
  123              1.0   2.0
  128              1.0   2.0
  136              1.0   2.0
  140              1.0   2.0
  142              1.0   2.0
  144              1.0   2.0
  145              1.0   2.0
  150              1.0   2.0
  152              1.0   2.0
  153              2.0   1.0
  156              1.0   2.0
  157              3.0   1.0
  166              1.0   2.0
  173              1.0   2.0
  181              1.0   2.0
  182              2.0   1.0
  200              1.0   2.0
  224              1.0   2.0
  225              1.0   2.0
  227              1.0   2.0
  231              1.0   2.0
  242              3.0   1.0
  249              1.0   2.0
  269              1.0   2.0
  271              1.0   2.0
  278              1.0   2.0
  420              1.0   2.0
  528              2.0   1.0
  648              1.0   2.0
  [total]        207.0 207.0

ALBUMIN
  2.1              5.0   1.0
  2.2              5.0   1.0
  2.4              3.0   1.0
  2.6             19.0   1.0
  2.7              5.0   3.0
  2.8              7.0   1.0
  2.9              1.0   6.0
  3                2.0   5.0
  3.1              2.0   3.0
  3.3             17.0   3.0
  3.4              2.0   4.0
  3.5             12.0   5.0
  3.6              2.0   2.0
  3.7              1.0   4.0
  3.8             12.0   7.0
  3.9              1.0   9.0
  4               39.0  36.0
  4.1              1.0   9.0
  4.2              6.0  12.0
  4.3              1.0   8.0
  4.4              1.0  10.0
  4.5              1.0   5.0
  4.6              1.0   3.0
  4.7              1.0   2.0
  4.8              1.0   2.0
  4.9              1.0   3.0
  5                1.0   2.0
  5.3              1.0   2.0
  6.4              1.0   2.0
  [total]        152.0 152.0

PROTIME
  0                1.0   2.0
  21               1.0   2.0
  23               1.0   2.0
  29               5.0   2.0
  30              11.0   1.0
  31              19.0   1.0
  32               2.0   1.0
  35               6.0   1.0
  36               1.0   2.0
  38               2.0   1.0
  39               1.0   2.0
  40               2.0   1.0
  41               2.0   3.0
  42               2.0   1.0
  43               2.0   1.0
  46               2.0   4.0
  47               1.0   2.0
  48               1.0   2.0
  50               2.0   2.0
  51               1.0   2.0
  52               1.0   4.0
  54               1.0   4.0
  56               1.0   3.0
  57               1.0   4.0
  58               1.0   2.0
  60               1.0   3.0
  62               1.0   3.0
  63               1.0   3.0
  64               1.0   2.0
  66               2.0   4.0
  67               1.0   3.0
  70               1.0   3.0
  72               1.0   2.0
  73               2.0   2.0
  74               1.0   5.0
  75               1.0   2.0
  76               1.0   2.0
  77               1.0   2.0
  78               1.0   2.0
  80               1.0   2.0
  84               1.0   2.0
  85               1.0   5.0
  90               2.0   3.0
  100             76.0  65.0
  [total]        167.0 167.0



Time taken to build model: 0 seconds

=== Stratified cross-validation ===
=== Summary ===

Correctly Classified Instances         228               92.6829 %
Incorrectly Classified Instances        18                7.3171 %
Kappa statistic                          0.8537
Mean absolute error                      0.1091
Root mean squared error                  0.2517
Relative absolute error                 21.8263 %
Root relative squared error             50.3414 %
Total Number of Instances              246     

=== Detailed Accuracy By Class ===

                 TP Rate  FP Rate  Precision  Recall   F-Measure  MCC      ROC Area  PRC Area  Class
                 0.951    0.098    0.907      0.951    0.929      0.855    0.969     0.975     DIE
                 0.902    0.049    0.949      0.902    0.925      0.855    0.969     0.960     LIVE
Weighted Avg.    0.927    0.073    0.928      0.927    0.927      0.855    0.969     0.967     

=== Confusion Matrix ===

   a   b   <-- classified as
 117   6 |   a = DIE
  12 111 |   b = LIVE

