=== Run information ===

Scheme:       weka.classifiers.trees.NBTree 
Relation:     hepatitis-weka.filters.unsupervised.attribute.NumericToNominal-Rfirst-last-weka.filters.unsupervised.attribute.ReplaceMissingValues-weka.filters.supervised.instance.SMOTE-C0-K5-P285.0-S1-weka.filters.unsupervised.attribute.Remove-R1-3,5-10,12,14,16,18
Instances:    246
Attributes:   7
              ANTIVIRALS
              SPIDERS
              VARICES
              ALK_PHOSPHATE
              ALBUMIN
              HISTOLOGY
              Class
Test mode:    10-fold cross-validation

=== Classifier model (full training set) ===

NBTree
------------------

SPIDERS = no
|   HISTOLOGY = no: NB 2
|   HISTOLOGY = yes
|   |   VARICES = no: NB 4
|   |   VARICES = yes: NB 5
SPIDERS = yes
|   HISTOLOGY = no: NB 7
|   HISTOLOGY = yes
|   |   VARICES = no: NB 9
|   |   VARICES = yes: NB 10

Leaf number: 2 Naive Bayes Classifier

                 Class
Attribute          DIE   LIVE
                (0.04) (0.96)
==============================
ANTIVIRALS
  no                2.0   54.0
  yes               2.0   16.0
  [total]           4.0   70.0

SPIDERS
  no                3.0   69.0
  yes               1.0    1.0
  [total]           4.0   70.0

VARICES
  no                3.0   69.0
  yes               1.0    1.0
  [total]           4.0   70.0

ALK_PHOSPHATE
  26                1.0    2.0
  30                1.0    2.0
  34                1.0    2.0
  40                1.0    1.0
  44                1.0    2.0
  45                1.0    2.0
  46                1.0    3.0
  48                1.0    2.0
  50                1.0    2.0
  52                1.0    2.0
  53                1.0    1.0
  55                1.0    2.0
  56                1.0    2.0
  57                1.0    2.0
  58                1.0    2.0
  59                1.0    1.0
  60                1.0    2.0
  62                1.0    4.0
  63                1.0    1.0
  65                1.0    1.0
  67                1.0    1.0
  68                1.0    2.0
  70                1.0    2.0
  71                1.0    2.0
  72                1.0    2.0
  74                1.0    2.0
  75                1.0    2.0
  76                1.0    2.0
  78                1.0    4.0
  80                1.0    2.0
  81                1.0    4.0
  82                1.0    2.0
  84                1.0    1.0
  85                2.0   20.0
  86                1.0    1.0
  89                1.0    1.0
  90                1.0    1.0
  92                1.0    2.0
  95                1.0    3.0
  96                1.0    2.0
  100               1.0    3.0
  102               1.0    3.0
  103               1.0    2.0
  107               1.0    1.0
  109               1.0    1.0
  110               1.0    2.0
  114               1.0    1.0
  115               1.0    1.0
  118               1.0    1.0
  119               1.0    1.0
  120               1.0    1.0
  123               1.0    1.0
  125               1.0    1.0
  126               1.0    1.0
  127               1.0    1.0
  130               1.0    1.0
  133               1.0    1.0
  135               1.0    3.0
  138               1.0    1.0
  139               1.0    1.0
  141               1.0    1.0
  147               1.0    1.0
  150               1.0    1.0
  155               1.0    1.0
  158               1.0    1.0
  160               1.0    1.0
  164               1.0    2.0
  165               1.0    1.0
  166               1.0    1.0
  167               1.0    1.0
  168               1.0    1.0
  175               1.0    1.0
  179               1.0    2.0
  180               1.0    1.0
  181               1.0    1.0
  191               1.0    2.0
  194               1.0    2.0
  215               1.0    1.0
  230               1.0    1.0
  243               1.0    1.0
  256               1.0    1.0
  280               2.0    1.0
  295               1.0    1.0
  [total]          85.0  151.0

ALBUMIN
  2.1               1.0    1.0
  2.2               1.0    1.0
  2.4               1.0    1.0
  2.6               1.0    1.0
  2.7               1.0    1.0
  2.8               1.0    1.0
  2.9               1.0    3.0
  3                 1.0    3.0
  3.1               1.0    2.0
  3.3               1.0    2.0
  3.4               1.0    1.0
  3.5               1.0    3.0
  3.6               1.0    1.0
  3.7               1.0    2.0
  3.8               2.0    4.0
  3.9               1.0    4.0
  4                 2.0   25.0
  4.1               1.0    3.0
  4.2               1.0    7.0
  4.3               1.0    6.0
  4.4               1.0    8.0
  4.5               1.0    2.0
  4.6               1.0    3.0
  4.7               1.0    2.0
  4.8               1.0    2.0
  4.9               1.0    3.0
  5                 1.0    2.0
  5.3               1.0    2.0
  6.4               1.0    1.0
  [total]          31.0   97.0

HISTOLOGY
  no                3.0   69.0
  yes               1.0    1.0
  [total]           4.0   70.0



Leaf number: 4 Naive Bayes Classifier

                Class
Attribute         DIE  LIVE
                (0.4) (0.6)
============================
ANTIVIRALS
  no              18.0  23.0
  yes              1.0   5.0
  [total]         19.0  28.0

SPIDERS
  no              18.0  27.0
  yes              1.0   1.0
  [total]         19.0  28.0

VARICES
  no              18.0  27.0
  yes              1.0   1.0
  [total]         19.0  28.0

ALK_PHOSPHATE
  26               1.0   1.0
  30               1.0   1.0
  34               1.0   1.0
  40               1.0   2.0
  44               1.0   1.0
  45               1.0   1.0
  46               1.0   1.0
  48               1.0   1.0
  50               1.0   1.0
  52               1.0   1.0
  53               1.0   2.0
  55               1.0   1.0
  56               1.0   1.0
  57               1.0   1.0
  58               1.0   1.0
  59               1.0   1.0
  60               1.0   1.0
  62               4.0   1.0
  63               8.0   1.0
  65               1.0   1.0
  67               1.0   1.0
  68               1.0   1.0
  70               1.0   1.0
  71               1.0   1.0
  72               1.0   1.0
  74               1.0   1.0
  75               1.0   2.0
  76               1.0   2.0
  78               1.0   1.0
  80               1.0   1.0
  81               1.0   1.0
  82               4.0   1.0
  84               1.0   1.0
  85               2.0  13.0
  86               1.0   1.0
  89               1.0   2.0
  90               1.0   1.0
  92               1.0   1.0
  95               1.0   1.0
  96               1.0   1.0
  100              1.0   1.0
  102              1.0   1.0
  103              1.0   1.0
  107              1.0   1.0
  109              2.0   1.0
  110              1.0   1.0
  114              1.0   1.0
  115              1.0   2.0
  118              1.0   1.0
  119              1.0   2.0
  120              2.0   2.0
  123              1.0   1.0
  125              1.0   1.0
  126              1.0   2.0
  127              1.0   1.0
  130              1.0   1.0
  133              1.0   1.0
  135              1.0   1.0
  138              1.0   1.0
  139              1.0   2.0
  141              1.0   2.0
  147              1.0   1.0
  150              1.0   1.0
  155              1.0   2.0
  158              1.0   1.0
  160              1.0   1.0
  164              1.0   1.0
  165              1.0   1.0
  166              1.0   1.0
  167              1.0   1.0
  168              1.0   2.0
  175              1.0   1.0
  179              1.0   1.0
  180              1.0   1.0
  181              1.0   1.0
  191              1.0   1.0
  194              1.0   1.0
  215              1.0   1.0
  230              1.0   1.0
  243              2.0   1.0
  256              1.0   2.0
  280              1.0   1.0
  295              1.0   1.0
  [total]        100.0 109.0

ALBUMIN
  2.1              1.0   1.0
  2.2              2.0   1.0
  2.4              1.0   1.0
  2.6              4.0   1.0
  2.7              1.0   1.0
  2.8              2.0   1.0
  2.9              1.0   2.0
  3                2.0   2.0
  3.1              1.0   2.0
  3.3              1.0   2.0
  3.4              1.0   2.0
  3.5              5.0   1.0
  3.6              1.0   2.0
  3.7              1.0   1.0
  3.8              8.0   2.0
  3.9              1.0   2.0
  4                1.0   9.0
  4.1              1.0   3.0
  4.2              1.0   5.0
  4.3              1.0   2.0
  4.4              1.0   2.0
  4.5              1.0   2.0
  4.6              1.0   1.0
  4.7              1.0   1.0
  4.8              1.0   1.0
  4.9              1.0   1.0
  5                1.0   1.0
  5.3              1.0   1.0
  6.4              1.0   2.0
  [total]         46.0  55.0

HISTOLOGY
  no               1.0   1.0
  yes             18.0  27.0
  [total]         19.0  28.0



Leaf number: 5 Naive Bayes Classifier

                 Class
Attribute          DIE   LIVE
                (0.88) (0.13)
==============================
ANTIVIRALS
  no                7.0    1.0
  yes               1.0    1.0
  [total]           8.0    2.0

SPIDERS
  no                7.0    1.0
  yes               1.0    1.0
  [total]           8.0    2.0

VARICES
  no                1.0    1.0
  yes               7.0    1.0
  [total]           8.0    2.0

ALK_PHOSPHATE
  26                1.0    1.0
  30                1.0    1.0
  34                1.0    1.0
  40                1.0    1.0
  44                1.0    1.0
  45                1.0    1.0
  46                1.0    1.0
  48                1.0    1.0
  50                1.0    1.0
  52                1.0    1.0
  53                1.0    1.0
  55                1.0    1.0
  56                1.0    1.0
  57                1.0    1.0
  58                1.0    1.0
  59                1.0    1.0
  60                1.0    1.0
  62                1.0    1.0
  63                1.0    1.0
  65                1.0    1.0
  67                1.0    1.0
  68                1.0    1.0
  70                1.0    1.0
  71                1.0    1.0
  72                1.0    1.0
  74                1.0    1.0
  75                1.0    1.0
  76                1.0    1.0
  78                1.0    1.0
  80                1.0    1.0
  81                1.0    1.0
  82                1.0    1.0
  84                1.0    1.0
  85                1.0    1.0
  86                5.0    1.0
  89                1.0    1.0
  90                1.0    1.0
  92                1.0    1.0
  95                1.0    1.0
  96                1.0    1.0
  100               1.0    1.0
  102               1.0    1.0
  103               1.0    1.0
  107               1.0    1.0
  109               1.0    1.0
  110               1.0    1.0
  114               1.0    1.0
  115               1.0    1.0
  118               1.0    1.0
  119               1.0    1.0
  120               1.0    1.0
  123               1.0    1.0
  125               1.0    1.0
  126               1.0    1.0
  127               1.0    1.0
  130               1.0    1.0
  133               1.0    1.0
  135               2.0    1.0
  138               1.0    1.0
  139               1.0    1.0
  141               1.0    1.0
  147               1.0    1.0
  150               1.0    1.0
  155               2.0    1.0
  158               1.0    1.0
  160               1.0    1.0
  164               1.0    1.0
  165               1.0    1.0
  166               1.0    1.0
  167               1.0    1.0
  168               1.0    1.0
  175               1.0    1.0
  179               1.0    1.0
  180               1.0    1.0
  181               1.0    1.0
  191               1.0    1.0
  194               1.0    1.0
  215               1.0    1.0
  230               1.0    1.0
  243               1.0    1.0
  256               1.0    1.0
  280               1.0    1.0
  295               1.0    1.0
  [total]          89.0   83.0

ALBUMIN
  2.1               5.0    1.0
  2.2               1.0    1.0
  2.4               2.0    1.0
  2.6               1.0    1.0
  2.7               1.0    1.0
  2.8               1.0    1.0
  2.9               1.0    1.0
  3                 1.0    1.0
  3.1               1.0    1.0
  3.3               1.0    1.0
  3.4               1.0    1.0
  3.5               1.0    1.0
  3.6               1.0    1.0
  3.7               1.0    1.0
  3.8               1.0    1.0
  3.9               1.0    1.0
  4                 2.0    1.0
  4.1               1.0    1.0
  4.2               1.0    1.0
  4.3               1.0    1.0
  4.4               1.0    1.0
  4.5               1.0    1.0
  4.6               1.0    1.0
  4.7               1.0    1.0
  4.8               1.0    1.0
  4.9               1.0    1.0
  5                 1.0    1.0
  5.3               1.0    1.0
  6.4               1.0    1.0
  [total]          35.0   29.0

HISTOLOGY
  no                1.0    1.0
  yes               7.0    1.0
  [total]           8.0    2.0



Leaf number: 7 Naive Bayes Classifier

                 Class
Attribute          DIE   LIVE
                (0.68) (0.32)
==============================
ANTIVIRALS
  no               23.0    8.0
  yes               1.0    4.0
  [total]          24.0   12.0

SPIDERS
  no                1.0    1.0
  yes              23.0   11.0
  [total]          24.0   12.0

VARICES
  no               23.0   10.0
  yes               1.0    2.0
  [total]          24.0   12.0

ALK_PHOSPHATE
  26                1.0    1.0
  30                1.0    1.0
  34                1.0    1.0
  40                1.0    1.0
  44                1.0    1.0
  45                1.0    1.0
  46                1.0    1.0
  48                1.0    1.0
  50                1.0    1.0
  52                1.0    1.0
  53                1.0    1.0
  55                1.0    1.0
  56                1.0    1.0
  57                1.0    1.0
  58                1.0    1.0
  59                1.0    2.0
  60                1.0    1.0
  62                1.0    1.0
  63                1.0    1.0
  65                4.0    1.0
  67                4.0    1.0
  68                1.0    1.0
  70                1.0    1.0
  71                1.0    1.0
  72                1.0    2.0
  74                1.0    1.0
  75                1.0    1.0
  76                1.0    1.0
  78                1.0    1.0
  80                1.0    2.0
  81                1.0    1.0
  82                1.0    1.0
  84                3.0    1.0
  85               13.0    2.0
  86                1.0    1.0
  89                1.0    1.0
  90                1.0    1.0
  92                1.0    1.0
  95                1.0    1.0
  96                1.0    1.0
  100               1.0    1.0
  102               1.0    1.0
  103               1.0    1.0
  107               1.0    1.0
  109               1.0    1.0
  110               1.0    1.0
  114               1.0    1.0
  115               1.0    1.0
  118               1.0    1.0
  119               1.0    1.0
  120               1.0    1.0
  123               1.0    1.0
  125               1.0    2.0
  126               1.0    1.0
  127               2.0    1.0
  130               1.0    1.0
  133               1.0    2.0
  135               1.0    1.0
  138               1.0    1.0
  139               1.0    1.0
  141               1.0    2.0
  147               1.0    1.0
  150               1.0    2.0
  155               1.0    1.0
  158               1.0    1.0
  160               1.0    1.0
  164               1.0    1.0
  165               1.0    1.0
  166               1.0    1.0
  167               2.0    1.0
  168               1.0    1.0
  175               1.0    2.0
  179               1.0    1.0
  180               1.0    1.0
  181               1.0    1.0
  191               1.0    1.0
  194               1.0    1.0
  215               1.0    2.0
  230               1.0    1.0
  243               1.0    1.0
  256               1.0    1.0
  280               1.0    1.0
  295               1.0    1.0
  [total]         105.0   93.0

ALBUMIN
  2.1               1.0    1.0
  2.2               1.0    1.0
  2.4               1.0    1.0
  2.6               2.0    1.0
  2.7               1.0    2.0
  2.8               1.0    1.0
  2.9               1.0    1.0
  3                 1.0    1.0
  3.1               1.0    1.0
  3.3               2.0    1.0
  3.4               1.0    2.0
  3.5               1.0    1.0
  3.6               1.0    1.0
  3.7               1.0    3.0
  3.8               3.0    2.0
  3.9               1.0    3.0
  4                18.0    1.0
  4.1               1.0    2.0
  4.2               2.0    2.0
  4.3               1.0    1.0
  4.4               1.0    2.0
  4.5               1.0    1.0
  4.6               1.0    1.0
  4.7               1.0    1.0
  4.8               1.0    1.0
  4.9               1.0    1.0
  5                 1.0    1.0
  5.3               1.0    1.0
  6.4               1.0    1.0
  [total]          51.0   39.0

HISTOLOGY
  no               23.0   11.0
  yes               1.0    1.0
  [total]          24.0   12.0



Leaf number: 9 Naive Bayes Classifier

                Class
Attribute         DIE  LIVE
                (0.8) (0.2)
============================
ANTIVIRALS
  no              56.0  14.0
  yes              2.0   1.0
  [total]         58.0  15.0

SPIDERS
  no               1.0   1.0
  yes             57.0  14.0
  [total]         58.0  15.0

VARICES
  no              57.0  14.0
  yes              1.0   1.0
  [total]         58.0  15.0

ALK_PHOSPHATE
  26               1.0   1.0
  30               1.0   1.0
  34               1.0   1.0
  40               1.0   1.0
  44               1.0   1.0
  45               1.0   1.0
  46               1.0   1.0
  48               1.0   1.0
  50               1.0   1.0
  52               1.0   1.0
  53               1.0   1.0
  55               1.0   1.0
  56               1.0   1.0
  57               1.0   1.0
  58               1.0   1.0
  59               1.0   1.0
  60               1.0   1.0
  62               2.0   1.0
  63              10.0   1.0
  65              10.0   1.0
  67               1.0   1.0
  68               1.0   1.0
  70               1.0   2.0
  71               1.0   1.0
  72               1.0   1.0
  74               1.0   1.0
  75               1.0   2.0
  76               1.0   1.0
  78               1.0   1.0
  80               1.0   1.0
  81               1.0   1.0
  82               5.0   1.0
  84               1.0   1.0
  85              30.0   6.0
  86               1.0   1.0
  89               1.0   1.0
  90               2.0   1.0
  92               1.0   1.0
  95               1.0   1.0
  96               1.0   1.0
  100              2.0   1.0
  102              1.0   1.0
  103              1.0   1.0
  107              2.0   1.0
  109              1.0   1.0
  110              1.0   1.0
  114              1.0   2.0
  115              1.0   1.0
  118              1.0   1.0
  119              1.0   1.0
  120              1.0   1.0
  123              1.0   1.0
  125              1.0   1.0
  126              1.0   1.0
  127              1.0   1.0
  130              1.0   1.0
  133              1.0   1.0
  135              1.0   1.0
  138              2.0   1.0
  139              1.0   1.0
  141              1.0   1.0
  147              1.0   2.0
  150              1.0   1.0
  155              1.0   1.0
  158              1.0   2.0
  160              1.0   2.0
  164              1.0   1.0
  165              1.0   1.0
  166              1.0   1.0
  167              1.0   1.0
  168              1.0   1.0
  175              1.0   1.0
  179              1.0   1.0
  180              1.0   2.0
  181              1.0   1.0
  191              1.0   1.0
  194              1.0   1.0
  215              1.0   1.0
  230              1.0   2.0
  243              1.0   1.0
  256              1.0   1.0
  280              1.0   1.0
  295              1.0   1.0
  [total]        139.0  96.0

ALBUMIN
  2.1              1.0   1.0
  2.2              4.0   1.0
  2.4              2.0   1.0
  2.6              5.0   1.0
  2.7              4.0   1.0
  2.8              1.0   1.0
  2.9              1.0   3.0
  3                1.0   1.0
  3.1              2.0   1.0
  3.3             14.0   1.0
  3.4              1.0   2.0
  3.5              8.0   2.0
  3.6              2.0   1.0
  3.7              1.0   1.0
  3.8              2.0   2.0
  3.9              1.0   2.0
  4               20.0   4.0
  4.1              1.0   3.0
  4.2              4.0   1.0
  4.3              1.0   2.0
  4.4              1.0   1.0
  4.5              1.0   2.0
  4.6              1.0   1.0
  4.7              1.0   1.0
  4.8              1.0   1.0
  4.9              1.0   1.0
  5                1.0   1.0
  5.3              1.0   1.0
  6.4              1.0   1.0
  [total]         85.0  42.0

HISTOLOGY
  no               1.0   1.0
  yes             57.0  14.0
  [total]         58.0  15.0



Leaf number: 10 Naive Bayes Classifier

                 Class
Attribute          DIE   LIVE
                (0.75) (0.25)
==============================
ANTIVIRALS
  no               21.0    7.0
  yes               1.0    1.0
  [total]          22.0    8.0

SPIDERS
  no                1.0    1.0
  yes              21.0    7.0
  [total]          22.0    8.0

VARICES
  no                1.0    1.0
  yes              21.0    7.0
  [total]          22.0    8.0

ALK_PHOSPHATE
  26                1.0    1.0
  30                1.0    1.0
  34                1.0    1.0
  40                1.0    1.0
  44                1.0    1.0
  45                1.0    1.0
  46                1.0    1.0
  48                1.0    1.0
  50                1.0    1.0
  52                1.0    1.0
  53                1.0    1.0
  55                1.0    1.0
  56                1.0    1.0
  57                1.0    1.0
  58                1.0    1.0
  59                1.0    1.0
  60                1.0    1.0
  62                1.0    1.0
  63                1.0    1.0
  65                5.0    1.0
  67                1.0    1.0
  68                1.0    1.0
  70                1.0    1.0
  71                1.0    1.0
  72                1.0    1.0
  74                1.0    1.0
  75                1.0    1.0
  76                1.0    1.0
  78                1.0    1.0
  80                1.0    1.0
  81                1.0    2.0
  82                1.0    1.0
  84                2.0    1.0
  85                6.0    2.0
  86                7.0    1.0
  89                1.0    1.0
  90                1.0    1.0
  92                1.0    1.0
  95                1.0    1.0
  96                1.0    1.0
  100               1.0    1.0
  102               1.0    1.0
  103               1.0    1.0
  107               1.0    1.0
  109               1.0    1.0
  110               1.0    1.0
  114               1.0    1.0
  115               1.0    1.0
  118               2.0    1.0
  119               1.0    1.0
  120               1.0    1.0
  123               2.0    1.0
  125               1.0    1.0
  126               1.0    1.0
  127               1.0    1.0
  130               1.0    2.0
  133               1.0    1.0
  135               1.0    1.0
  138               1.0    1.0
  139               1.0    1.0
  141               1.0    1.0
  147               1.0    1.0
  150               1.0    1.0
  155               1.0    1.0
  158               1.0    1.0
  160               1.0    1.0
  164               1.0    1.0
  165               2.0    1.0
  166               2.0    1.0
  167               1.0    1.0
  168               1.0    1.0
  175               1.0    1.0
  179               1.0    1.0
  180               1.0    1.0
  181               1.0    2.0
  191               1.0    1.0
  194               1.0    1.0
  215               1.0    2.0
  230               1.0    1.0
  243               1.0    1.0
  256               1.0    1.0
  280               1.0    1.0
  295               1.0    2.0
  [total]         103.0   89.0

ALBUMIN
  2.1               1.0    1.0
  2.2               1.0    1.0
  2.4               1.0    1.0
  2.6              11.0    1.0
  2.7               2.0    2.0
  2.8               6.0    1.0
  2.9               1.0    1.0
  3                 1.0    2.0
  3.1               1.0    1.0
  3.3               3.0    1.0
  3.4               2.0    1.0
  3.5               1.0    2.0
  3.6               1.0    1.0
  3.7               1.0    1.0
  3.8               1.0    1.0
  3.9               1.0    2.0
  4                 1.0    1.0
  4.1               1.0    2.0
  4.2               2.0    1.0
  4.3               1.0    1.0
  4.4               1.0    1.0
  4.5               1.0    2.0
  4.6               1.0    1.0
  4.7               1.0    1.0
  4.8               1.0    1.0
  4.9               1.0    1.0
  5                 1.0    1.0
  5.3               1.0    1.0
  6.4               1.0    1.0
  [total]          49.0   35.0

HISTOLOGY
  no                1.0    1.0
  yes              21.0    7.0
  [total]          22.0    8.0




Number of Leaves  : 	6

Size of the tree : 	11


Time taken to build model: 0.06 seconds

=== Stratified cross-validation ===
=== Summary ===

Correctly Classified Instances         225               91.4634 %
Incorrectly Classified Instances        21                8.5366 %
Kappa statistic                          0.8293
Mean absolute error                      0.1362
Root mean squared error                  0.2723
Relative absolute error                 27.2448 %
Root relative squared error             54.4538 %
Total Number of Instances              246     

=== Detailed Accuracy By Class ===

                 TP Rate  FP Rate  Precision  Recall   F-Measure  MCC      ROC Area  PRC Area  Class
                 0.959    0.130    0.881      0.959    0.918      0.833    0.949     0.917     DIE
                 0.870    0.041    0.955      0.870    0.911      0.833    0.949     0.928     LIVE
Weighted Avg.    0.915    0.085    0.918      0.915    0.914      0.833    0.949     0.922     

=== Confusion Matrix ===

   a   b   <-- classified as
 118   5 |   a = DIE
  16 107 |   b = LIVE

