=== Run information ===

Scheme:       weka.classifiers.trees.NBTree 
Relation:     hepatitis-weka.filters.unsupervised.attribute.NumericToNominal-Rfirst-last-weka.filters.unsupervised.attribute.ReplaceMissingValues-weka.filters.supervised.instance.SMOTE-C0-K5-P285.0-S1-weka.filters.unsupervised.attribute.Remove-R1,3-4,7-10,13-14,16-18
Instances:    246
Attributes:   8
              SEX
              FATIGUE
              MALAISE
              SPIDERS
              ASCITES
              ALK_PHOSPHATE
              HISTOLOGY
              Class
Test mode:    10-fold cross-validation

=== Classifier model (full training set) ===

NBTree
------------------

SPIDERS = no
|   SEX = male: NB 2
|   SEX = female
|   |   ASCITES = no
|   |   |   MALAISE = no: NB 5
|   |   |   MALAISE = yes: NB 6
|   |   ASCITES = yes: NB 7
SPIDERS = yes
|   FATIGUE = no: NB 9
|   FATIGUE = yes
|   |   MALAISE = no: NB 11
|   |   MALAISE = yes
|   |   |   ASCITES = no
|   |   |   |   HISTOLOGY = no: NB 14
|   |   |   |   HISTOLOGY = yes: NB 15
|   |   |   ASCITES = yes: NB 16

Leaf number: 2 Naive Bayes Classifier

                 Class
Attribute          DIE   LIVE
                (0.08) (0.92)
==============================
SEX
  male              1.0   11.0
  female            1.0    1.0
  [total]           2.0   12.0

FATIGUE
  no                1.0    5.0
  yes               1.0    7.0
  [total]           2.0   12.0

MALAISE
  no                1.0    7.0
  yes               1.0    5.0
  [total]           2.0   12.0

SPIDERS
  no                1.0   11.0
  yes               1.0    1.0
  [total]           2.0   12.0

ASCITES
  no                1.0   11.0
  yes               1.0    1.0
  [total]           2.0   12.0

ALK_PHOSPHATE
  26                1.0    1.0
  30                1.0    2.0
  34                1.0    1.0
  40                1.0    1.0
  44                1.0    1.0
  45                1.0    2.0
  46                1.0    1.0
  48                1.0    2.0
  50                1.0    1.0
  52                1.0    1.0
  53                1.0    1.0
  55                1.0    1.0
  56                1.0    1.0
  57                1.0    1.0
  58                1.0    1.0
  59                1.0    1.0
  60                1.0    1.0
  62                1.0    1.0
  63                1.0    1.0
  65                1.0    1.0
  67                1.0    1.0
  68                1.0    1.0
  70                1.0    1.0
  71                1.0    1.0
  72                1.0    1.0
  74                1.0    1.0
  75                1.0    1.0
  76                1.0    1.0
  78                1.0    1.0
  80                1.0    1.0
  81                1.0    2.0
  82                1.0    1.0
  84                1.0    1.0
  85                1.0    3.0
  86                1.0    1.0
  89                1.0    1.0
  90                1.0    1.0
  92                1.0    1.0
  95                1.0    1.0
  96                1.0    1.0
  100               1.0    1.0
  102               1.0    1.0
  103               1.0    1.0
  107               1.0    1.0
  109               1.0    1.0
  110               1.0    1.0
  114               1.0    1.0
  115               1.0    1.0
  118               1.0    1.0
  119               1.0    2.0
  120               1.0    1.0
  123               1.0    1.0
  125               1.0    1.0
  126               1.0    1.0
  127               1.0    1.0
  130               1.0    1.0
  133               1.0    1.0
  135               1.0    2.0
  138               1.0    1.0
  139               1.0    1.0
  141               1.0    1.0
  147               1.0    1.0
  150               1.0    1.0
  155               1.0    1.0
  158               1.0    1.0
  160               1.0    1.0
  164               1.0    1.0
  165               1.0    1.0
  166               1.0    1.0
  167               1.0    1.0
  168               1.0    1.0
  175               1.0    1.0
  179               1.0    2.0
  180               1.0    1.0
  181               1.0    1.0
  191               1.0    2.0
  194               1.0    1.0
  215               1.0    1.0
  230               1.0    1.0
  243               1.0    1.0
  256               1.0    1.0
  280               1.0    1.0
  295               1.0    1.0
  [total]          83.0   93.0

HISTOLOGY
  no                1.0   10.0
  yes               1.0    2.0
  [total]           2.0   12.0



Leaf number: 5 Naive Bayes Classifier

                 Class
Attribute          DIE   LIVE
                (0.03) (0.97)
==============================
SEX
  male              1.0    1.0
  female            2.0   67.0
  [total]           3.0   68.0

FATIGUE
  no                2.0   45.0
  yes               1.0   23.0
  [total]           3.0   68.0

MALAISE
  no                2.0   67.0
  yes               1.0    1.0
  [total]           3.0   68.0

SPIDERS
  no                2.0   67.0
  yes               1.0    1.0
  [total]           3.0   68.0

ASCITES
  no                2.0   67.0
  yes               1.0    1.0
  [total]           3.0   68.0

ALK_PHOSPHATE
  26                1.0    2.0
  30                1.0    1.0
  34                1.0    2.0
  40                1.0    1.0
  44                1.0    1.0
  45                1.0    1.0
  46                1.0    3.0
  48                1.0    1.0
  50                1.0    2.0
  52                1.0    2.0
  53                1.0    2.0
  55                1.0    1.0
  56                1.0    2.0
  57                1.0    2.0
  58                1.0    2.0
  59                1.0    1.0
  60                1.0    2.0
  62                1.0    4.0
  63                1.0    1.0
  65                1.0    1.0
  67                1.0    1.0
  68                1.0    1.0
  70                1.0    2.0
  71                1.0    2.0
  72                1.0    1.0
  74                1.0    1.0
  75                1.0    3.0
  76                1.0    1.0
  78                1.0    3.0
  80                1.0    1.0
  81                1.0    3.0
  82                1.0    2.0
  84                1.0    1.0
  85                1.0   26.0
  86                1.0    1.0
  89                1.0    2.0
  90                1.0    1.0
  92                1.0    1.0
  95                1.0    2.0
  96                1.0    2.0
  100               1.0    3.0
  102               1.0    3.0
  103               1.0    1.0
  107               1.0    1.0
  109               1.0    1.0
  110               1.0    2.0
  114               1.0    1.0
  115               1.0    2.0
  118               1.0    1.0
  119               1.0    1.0
  120               1.0    2.0
  123               1.0    1.0
  125               1.0    1.0
  126               1.0    2.0
  127               1.0    1.0
  130               1.0    1.0
  133               1.0    1.0
  135               1.0    2.0
  138               1.0    1.0
  139               1.0    2.0
  141               1.0    2.0
  147               1.0    1.0
  150               1.0    1.0
  155               1.0    2.0
  158               1.0    1.0
  160               1.0    1.0
  164               1.0    2.0
  165               1.0    1.0
  166               1.0    1.0
  167               1.0    1.0
  168               1.0    2.0
  175               1.0    1.0
  179               1.0    1.0
  180               1.0    1.0
  181               1.0    1.0
  191               1.0    1.0
  194               1.0    1.0
  215               1.0    1.0
  230               1.0    1.0
  243               2.0    1.0
  256               1.0    2.0
  280               1.0    1.0
  295               1.0    1.0
  [total]          84.0  149.0

HISTOLOGY
  no                1.0   46.0
  yes               2.0   22.0
  [total]           3.0   68.0



Leaf number: 6 Naive Bayes Classifier

                 Class
Attribute          DIE   LIVE
                (0.41) (0.59)
==============================
SEX
  male              1.0    1.0
  female           12.0   17.0
  [total]          13.0   18.0

FATIGUE
  no                1.0    1.0
  yes              12.0   17.0
  [total]          13.0   18.0

MALAISE
  no                1.0    1.0
  yes              12.0   17.0
  [total]          13.0   18.0

SPIDERS
  no               12.0   17.0
  yes               1.0    1.0
  [total]          13.0   18.0

ASCITES
  no               12.0   17.0
  yes               1.0    1.0
  [total]          13.0   18.0

ALK_PHOSPHATE
  26                1.0    1.0
  30                1.0    1.0
  34                1.0    1.0
  40                1.0    2.0
  44                1.0    2.0
  45                1.0    1.0
  46                1.0    1.0
  48                1.0    1.0
  50                1.0    1.0
  52                1.0    1.0
  53                1.0    1.0
  55                1.0    2.0
  56                1.0    1.0
  57                1.0    1.0
  58                1.0    1.0
  59                1.0    1.0
  60                1.0    1.0
  62                4.0    1.0
  63                1.0    1.0
  65                1.0    1.0
  67                1.0    1.0
  68                1.0    2.0
  70                1.0    1.0
  71                1.0    1.0
  72                1.0    1.0
  74                1.0    2.0
  75                1.0    1.0
  76                1.0    3.0
  78                1.0    2.0
  80                1.0    2.0
  81                1.0    1.0
  82                4.0    1.0
  84                1.0    1.0
  85                3.0    4.0
  86                1.0    1.0
  89                1.0    1.0
  90                1.0    1.0
  92                1.0    2.0
  95                1.0    2.0
  96                1.0    1.0
  100               1.0    1.0
  102               1.0    1.0
  103               1.0    2.0
  107               1.0    1.0
  109               2.0    1.0
  110               1.0    1.0
  114               1.0    1.0
  115               1.0    1.0
  118               1.0    1.0
  119               1.0    1.0
  120               1.0    1.0
  123               1.0    1.0
  125               1.0    1.0
  126               1.0    1.0
  127               1.0    1.0
  130               1.0    1.0
  133               1.0    1.0
  135               2.0    1.0
  138               1.0    1.0
  139               1.0    1.0
  141               1.0    1.0
  147               1.0    1.0
  150               1.0    1.0
  155               1.0    1.0
  158               1.0    1.0
  160               1.0    1.0
  164               1.0    1.0
  165               1.0    1.0
  166               1.0    1.0
  167               1.0    1.0
  168               1.0    1.0
  175               1.0    1.0
  179               1.0    1.0
  180               1.0    1.0
  181               1.0    1.0
  191               1.0    1.0
  194               1.0    2.0
  215               1.0    1.0
  230               1.0    1.0
  243               1.0    1.0
  256               1.0    1.0
  280               2.0    1.0
  295               1.0    1.0
  [total]          94.0   99.0

HISTOLOGY
  no                3.0   14.0
  yes              10.0    4.0
  [total]          13.0   18.0



Leaf number: 7 Naive Bayes Classifier

                 Class
Attribute          DIE   LIVE
                (0.82) (0.18)
==============================
SEX
  male              1.0    1.0
  female           14.0    3.0
  [total]          15.0    4.0

FATIGUE
  no                1.0    1.0
  yes              14.0    3.0
  [total]          15.0    4.0

MALAISE
  no                2.0    1.0
  yes              13.0    3.0
  [total]          15.0    4.0

SPIDERS
  no               14.0    3.0
  yes               1.0    1.0
  [total]          15.0    4.0

ASCITES
  no                1.0    1.0
  yes              14.0    3.0
  [total]          15.0    4.0

ALK_PHOSPHATE
  26                1.0    1.0
  30                1.0    1.0
  34                1.0    1.0
  40                1.0    1.0
  44                1.0    1.0
  45                1.0    1.0
  46                1.0    1.0
  48                1.0    1.0
  50                1.0    1.0
  52                1.0    1.0
  53                1.0    1.0
  55                1.0    1.0
  56                1.0    1.0
  57                1.0    1.0
  58                1.0    1.0
  59                1.0    1.0
  60                1.0    1.0
  62                1.0    1.0
  63                8.0    1.0
  65                1.0    1.0
  67                1.0    1.0
  68                1.0    1.0
  70                1.0    1.0
  71                1.0    1.0
  72                1.0    2.0
  74                1.0    1.0
  75                1.0    1.0
  76                1.0    1.0
  78                1.0    1.0
  80                1.0    1.0
  81                1.0    1.0
  82                1.0    1.0
  84                1.0    1.0
  85                1.0    2.0
  86                5.0    1.0
  89                1.0    1.0
  90                1.0    1.0
  92                1.0    1.0
  95                1.0    1.0
  96                1.0    1.0
  100               1.0    1.0
  102               1.0    1.0
  103               1.0    1.0
  107               1.0    1.0
  109               1.0    1.0
  110               1.0    1.0
  114               1.0    1.0
  115               1.0    1.0
  118               1.0    1.0
  119               1.0    1.0
  120               2.0    1.0
  123               1.0    1.0
  125               1.0    1.0
  126               1.0    1.0
  127               1.0    1.0
  130               1.0    1.0
  133               1.0    1.0
  135               1.0    1.0
  138               1.0    1.0
  139               1.0    1.0
  141               1.0    1.0
  147               1.0    1.0
  150               1.0    1.0
  155               2.0    1.0
  158               1.0    1.0
  160               1.0    1.0
  164               1.0    1.0
  165               1.0    1.0
  166               1.0    1.0
  167               1.0    1.0
  168               1.0    1.0
  175               1.0    1.0
  179               1.0    1.0
  180               1.0    1.0
  181               1.0    1.0
  191               1.0    1.0
  194               1.0    1.0
  215               1.0    1.0
  230               1.0    1.0
  243               1.0    1.0
  256               1.0    1.0
  280               1.0    1.0
  295               1.0    1.0
  [total]          96.0   85.0

HISTOLOGY
  no                1.0    2.0
  yes              14.0    2.0
  [total]          15.0    4.0



Leaf number: 9 Naive Bayes Classifier

                 Class
Attribute          DIE   LIVE
                (0.29) (0.71)
==============================
SEX
  male              1.0    1.0
  female            2.0    5.0
  [total]           3.0    6.0

FATIGUE
  no                2.0    5.0
  yes               1.0    1.0
  [total]           3.0    6.0

MALAISE
  no                2.0    5.0
  yes               1.0    1.0
  [total]           3.0    6.0

SPIDERS
  no                1.0    1.0
  yes               2.0    5.0
  [total]           3.0    6.0

ASCITES
  no                2.0    5.0
  yes               1.0    1.0
  [total]           3.0    6.0

ALK_PHOSPHATE
  26                1.0    1.0
  30                1.0    1.0
  34                1.0    1.0
  40                1.0    1.0
  44                1.0    1.0
  45                1.0    1.0
  46                1.0    1.0
  48                1.0    1.0
  50                1.0    1.0
  52                1.0    1.0
  53                1.0    1.0
  55                1.0    1.0
  56                1.0    1.0
  57                1.0    1.0
  58                1.0    1.0
  59                1.0    1.0
  60                1.0    1.0
  62                1.0    1.0
  63                1.0    1.0
  65                1.0    1.0
  67                1.0    1.0
  68                1.0    1.0
  70                1.0    1.0
  71                1.0    1.0
  72                1.0    1.0
  74                1.0    1.0
  75                1.0    1.0
  76                1.0    1.0
  78                1.0    1.0
  80                1.0    2.0
  81                1.0    1.0
  82                1.0    1.0
  84                2.0    1.0
  85                1.0    3.0
  86                1.0    1.0
  89                1.0    1.0
  90                1.0    1.0
  92                1.0    1.0
  95                1.0    1.0
  96                1.0    1.0
  100               1.0    1.0
  102               1.0    1.0
  103               1.0    1.0
  107               1.0    1.0
  109               1.0    1.0
  110               1.0    1.0
  114               1.0    1.0
  115               1.0    1.0
  118               1.0    1.0
  119               1.0    1.0
  120               1.0    1.0
  123               1.0    1.0
  125               1.0    1.0
  126               1.0    1.0
  127               1.0    1.0
  130               1.0    2.0
  133               1.0    1.0
  135               1.0    1.0
  138               1.0    1.0
  139               1.0    1.0
  141               1.0    1.0
  147               1.0    1.0
  150               1.0    1.0
  155               1.0    1.0
  158               1.0    1.0
  160               1.0    1.0
  164               1.0    1.0
  165               1.0    1.0
  166               1.0    1.0
  167               1.0    1.0
  168               1.0    1.0
  175               1.0    1.0
  179               1.0    1.0
  180               1.0    1.0
  181               1.0    1.0
  191               1.0    1.0
  194               1.0    1.0
  215               1.0    1.0
  230               1.0    1.0
  243               1.0    1.0
  256               1.0    1.0
  280               1.0    1.0
  295               1.0    1.0
  [total]          84.0   87.0

HISTOLOGY
  no                1.0    2.0
  yes               2.0    4.0
  [total]           3.0    6.0



Leaf number: 11 Naive Bayes Classifier

                 Class
Attribute          DIE   LIVE
                (0.71) (0.29)
==============================
SEX
  male              1.0    4.0
  female           25.0    7.0
  [total]          26.0   11.0

FATIGUE
  no                1.0    1.0
  yes              25.0   10.0
  [total]          26.0   11.0

MALAISE
  no               25.0   10.0
  yes               1.0    1.0
  [total]          26.0   11.0

SPIDERS
  no                1.0    1.0
  yes              25.0   10.0
  [total]          26.0   11.0

ASCITES
  no               23.0    9.0
  yes               3.0    2.0
  [total]          26.0   11.0

ALK_PHOSPHATE
  26                1.0    1.0
  30                1.0    1.0
  34                1.0    1.0
  40                1.0    1.0
  44                1.0    1.0
  45                1.0    1.0
  46                1.0    1.0
  48                1.0    1.0
  50                1.0    1.0
  52                1.0    1.0
  53                1.0    1.0
  55                1.0    1.0
  56                1.0    1.0
  57                1.0    1.0
  58                1.0    1.0
  59                1.0    2.0
  60                1.0    1.0
  62                1.0    1.0
  63                1.0    1.0
  65               14.0    1.0
  67                4.0    1.0
  68                1.0    1.0
  70                1.0    1.0
  71                1.0    1.0
  72                1.0    2.0
  74                1.0    1.0
  75                1.0    1.0
  76                1.0    1.0
  78                1.0    1.0
  80                1.0    1.0
  81                1.0    2.0
  82                1.0    1.0
  84                3.0    1.0
  85                4.0    4.0
  86                1.0    1.0
  89                1.0    1.0
  90                1.0    1.0
  92                1.0    1.0
  95                1.0    1.0
  96                1.0    1.0
  100               2.0    1.0
  102               1.0    1.0
  103               1.0    1.0
  107               1.0    1.0
  109               1.0    1.0
  110               1.0    1.0
  114               1.0    1.0
  115               1.0    1.0
  118               1.0    1.0
  119               1.0    1.0
  120               1.0    1.0
  123               1.0    1.0
  125               1.0    1.0
  126               1.0    1.0
  127               1.0    1.0
  130               1.0    1.0
  133               1.0    1.0
  135               1.0    1.0
  138               2.0    1.0
  139               1.0    1.0
  141               1.0    1.0
  147               1.0    1.0
  150               1.0    1.0
  155               1.0    1.0
  158               1.0    1.0
  160               1.0    1.0
  164               1.0    1.0
  165               1.0    1.0
  166               1.0    1.0
  167               2.0    1.0
  168               1.0    1.0
  175               1.0    2.0
  179               1.0    1.0
  180               1.0    1.0
  181               1.0    2.0
  191               1.0    1.0
  194               1.0    1.0
  215               1.0    1.0
  230               1.0    2.0
  243               1.0    1.0
  256               1.0    1.0
  280               1.0    1.0
  295               1.0    1.0
  [total]         107.0   92.0

HISTOLOGY
  no               13.0    4.0
  yes              13.0    7.0
  [total]          26.0   11.0



Leaf number: 14 Naive Bayes Classifier

                 Class
Attribute          DIE   LIVE
                (0.59) (0.41)
==============================
SEX
  male              1.0    3.0
  female           10.0    5.0
  [total]          11.0    8.0

FATIGUE
  no                1.0    1.0
  yes              10.0    7.0
  [total]          11.0    8.0

MALAISE
  no                1.0    1.0
  yes              10.0    7.0
  [total]          11.0    8.0

SPIDERS
  no                1.0    1.0
  yes              10.0    7.0
  [total]          11.0    8.0

ASCITES
  no               10.0    7.0
  yes               1.0    1.0
  [total]          11.0    8.0

ALK_PHOSPHATE
  26                1.0    1.0
  30                1.0    1.0
  34                1.0    1.0
  40                1.0    1.0
  44                1.0    1.0
  45                1.0    1.0
  46                1.0    1.0
  48                1.0    1.0
  50                1.0    1.0
  52                1.0    1.0
  53                1.0    1.0
  55                1.0    1.0
  56                1.0    1.0
  57                1.0    1.0
  58                1.0    1.0
  59                1.0    1.0
  60                1.0    1.0
  62                1.0    1.0
  63                1.0    1.0
  65                1.0    1.0
  67                1.0    1.0
  68                1.0    1.0
  70                1.0    1.0
  71                1.0    1.0
  72                1.0    1.0
  74                1.0    1.0
  75                1.0    1.0
  76                1.0    1.0
  78                1.0    1.0
  80                1.0    1.0
  81                1.0    1.0
  82                1.0    1.0
  84                1.0    1.0
  85                9.0    2.0
  86                1.0    1.0
  89                1.0    1.0
  90                1.0    1.0
  92                1.0    1.0
  95                1.0    1.0
  96                1.0    1.0
  100               1.0    1.0
  102               1.0    1.0
  103               1.0    1.0
  107               1.0    1.0
  109               1.0    1.0
  110               1.0    1.0
  114               1.0    1.0
  115               1.0    1.0
  118               1.0    1.0
  119               1.0    1.0
  120               1.0    1.0
  123               1.0    1.0
  125               1.0    2.0
  126               1.0    1.0
  127               2.0    1.0
  130               1.0    1.0
  133               1.0    2.0
  135               1.0    1.0
  138               1.0    1.0
  139               1.0    1.0
  141               1.0    2.0
  147               1.0    1.0
  150               1.0    2.0
  155               1.0    1.0
  158               1.0    1.0
  160               1.0    1.0
  164               1.0    1.0
  165               1.0    1.0
  166               1.0    1.0
  167               1.0    1.0
  168               1.0    1.0
  175               1.0    1.0
  179               1.0    1.0
  180               1.0    1.0
  181               1.0    1.0
  191               1.0    1.0
  194               1.0    1.0
  215               1.0    2.0
  230               1.0    1.0
  243               1.0    1.0
  256               1.0    1.0
  280               1.0    1.0
  295               1.0    1.0
  [total]          92.0   89.0

HISTOLOGY
  no               10.0    7.0
  yes               1.0    1.0
  [total]          11.0    8.0



Leaf number: 15 Naive Bayes Classifier

                 Class
Attribute          DIE   LIVE
                (0.75) (0.25)
==============================
SEX
  male              1.0    2.0
  female           24.0    7.0
  [total]          25.0    9.0

FATIGUE
  no                1.0    1.0
  yes              24.0    8.0
  [total]          25.0    9.0

MALAISE
  no                1.0    1.0
  yes              24.0    8.0
  [total]          25.0    9.0

SPIDERS
  no                1.0    1.0
  yes              24.0    8.0
  [total]          25.0    9.0

ASCITES
  no               24.0    8.0
  yes               1.0    1.0
  [total]          25.0    9.0

ALK_PHOSPHATE
  26                1.0    1.0
  30                1.0    1.0
  34                1.0    1.0
  40                1.0    1.0
  44                1.0    1.0
  45                1.0    1.0
  46                1.0    1.0
  48                1.0    1.0
  50                1.0    1.0
  52                1.0    1.0
  53                1.0    1.0
  55                1.0    1.0
  56                1.0    1.0
  57                1.0    1.0
  58                1.0    1.0
  59                1.0    1.0
  60                1.0    1.0
  62                2.0    1.0
  63                1.0    1.0
  65                1.0    1.0
  67                1.0    1.0
  68                1.0    1.0
  70                1.0    2.0
  71                1.0    1.0
  72                1.0    1.0
  74                1.0    1.0
  75                1.0    2.0
  76                1.0    1.0
  78                1.0    1.0
  80                1.0    1.0
  81                1.0    1.0
  82                4.0    1.0
  84                1.0    1.0
  85               18.0    1.0
  86                1.0    1.0
  89                1.0    1.0
  90                2.0    1.0
  92                1.0    1.0
  95                1.0    1.0
  96                1.0    1.0
  100               1.0    1.0
  102               1.0    1.0
  103               1.0    1.0
  107               2.0    1.0
  109               1.0    1.0
  110               1.0    1.0
  114               1.0    2.0
  115               1.0    1.0
  118               1.0    1.0
  119               1.0    1.0
  120               1.0    1.0
  123               1.0    1.0
  125               1.0    1.0
  126               1.0    1.0
  127               1.0    1.0
  130               1.0    1.0
  133               1.0    1.0
  135               1.0    1.0
  138               1.0    1.0
  139               1.0    1.0
  141               1.0    1.0
  147               1.0    2.0
  150               1.0    1.0
  155               1.0    1.0
  158               1.0    2.0
  160               1.0    1.0
  164               1.0    1.0
  165               1.0    1.0
  166               1.0    1.0
  167               1.0    1.0
  168               1.0    1.0
  175               1.0    1.0
  179               1.0    1.0
  180               1.0    1.0
  181               1.0    1.0
  191               1.0    1.0
  194               1.0    1.0
  215               1.0    2.0
  230               1.0    1.0
  243               1.0    1.0
  256               1.0    1.0
  280               1.0    1.0
  295               1.0    2.0
  [total]         106.0   90.0

HISTOLOGY
  no                1.0    1.0
  yes              24.0    8.0
  [total]          25.0    9.0



Leaf number: 16 Naive Bayes Classifier

                 Class
Attribute          DIE   LIVE
                (0.91) (0.09)
==============================
SEX
  male              1.0    1.0
  female           42.0    4.0
  [total]          43.0    5.0

FATIGUE
  no                1.0    1.0
  yes              42.0    4.0
  [total]          43.0    5.0

MALAISE
  no                1.0    1.0
  yes              42.0    4.0
  [total]          43.0    5.0

SPIDERS
  no                1.0    1.0
  yes              42.0    4.0
  [total]          43.0    5.0

ASCITES
  no                1.0    1.0
  yes              42.0    4.0
  [total]          43.0    5.0

ALK_PHOSPHATE
  26                1.0    1.0
  30                1.0    1.0
  34                1.0    1.0
  40                1.0    1.0
  44                1.0    1.0
  45                1.0    1.0
  46                1.0    1.0
  48                1.0    1.0
  50                1.0    1.0
  52                1.0    1.0
  53                1.0    1.0
  55                1.0    1.0
  56                1.0    1.0
  57                1.0    1.0
  58                1.0    1.0
  59                1.0    1.0
  60                1.0    1.0
  62                1.0    1.0
  63               10.0    1.0
  65                4.0    1.0
  67                1.0    1.0
  68                1.0    1.0
  70                1.0    1.0
  71                1.0    1.0
  72                1.0    1.0
  74                1.0    1.0
  75                1.0    1.0
  76                1.0    1.0
  78                1.0    1.0
  80                1.0    1.0
  81                1.0    1.0
  82                2.0    1.0
  84                1.0    1.0
  85               19.0    2.0
  86                7.0    1.0
  89                1.0    1.0
  90                1.0    1.0
  92                1.0    1.0
  95                1.0    1.0
  96                1.0    1.0
  100               1.0    1.0
  102               1.0    1.0
  103               1.0    1.0
  107               1.0    1.0
  109               1.0    1.0
  110               1.0    1.0
  114               1.0    1.0
  115               1.0    1.0
  118               2.0    1.0
  119               1.0    1.0
  120               1.0    1.0
  123               2.0    1.0
  125               1.0    1.0
  126               1.0    1.0
  127               1.0    1.0
  130               1.0    1.0
  133               1.0    1.0
  135               1.0    1.0
  138               1.0    1.0
  139               1.0    1.0
  141               1.0    1.0
  147               1.0    1.0
  150               1.0    1.0
  155               1.0    1.0
  158               1.0    1.0
  160               1.0    2.0
  164               1.0    1.0
  165               2.0    1.0
  166               2.0    1.0
  167               1.0    1.0
  168               1.0    1.0
  175               1.0    1.0
  179               1.0    1.0
  180               1.0    2.0
  181               1.0    1.0
  191               1.0    1.0
  194               1.0    1.0
  215               1.0    1.0
  230               1.0    1.0
  243               1.0    1.0
  256               1.0    1.0
  280               1.0    1.0
  295               1.0    1.0
  [total]         124.0   86.0

HISTOLOGY
  no                2.0    1.0
  yes              41.0    4.0
  [total]          43.0    5.0




Number of Leaves  : 	9

Size of the tree : 	17


Time taken to build model: 0.07 seconds

=== Stratified cross-validation ===
=== Summary ===

Correctly Classified Instances         216               87.8049 %
Incorrectly Classified Instances        30               12.1951 %
Kappa statistic                          0.7561
Mean absolute error                      0.1636
Root mean squared error                  0.3121
Relative absolute error                 32.7252 %
Root relative squared error             62.4219 %
Total Number of Instances              246     

=== Detailed Accuracy By Class ===

                 TP Rate  FP Rate  Precision  Recall   F-Measure  MCC      ROC Area  PRC Area  Class
                 0.935    0.179    0.839      0.935    0.885      0.761    0.936     0.922     DIE
                 0.821    0.065    0.927      0.821    0.871      0.761    0.936     0.944     LIVE
Weighted Avg.    0.878    0.122    0.883      0.878    0.878      0.761    0.936     0.933     

=== Confusion Matrix ===

   a   b   <-- classified as
 115   8 |   a = DIE
  22 101 |   b = LIVE

