=== Run information ===

Scheme:       weka.classifiers.trees.NBTree 
Relation:     hepatitis-weka.filters.unsupervised.attribute.NumericToNominal-Rfirst-last-weka.filters.unsupervised.attribute.ReplaceMissingValues-weka.filters.supervised.instance.SMOTE-C0-K5-P285.0-S1
Instances:    246
Attributes:   20
              AGE
              SEX
              STEROID
              ANTIVIRALS
              FATIGUE
              MALAISE
              ANOREXIA
              LIVER_BIG
              LIVER_FIRM
              SPLEEN_PALPABLE
              SPIDERS
              ASCITES
              VARICES
              BILIRUBIN
              ALK_PHOSPHATE
              SGOT
              ALBUMIN
              PROTIME
              HISTOLOGY
              Class
Test mode:    10-fold cross-validation

=== Classifier model (full training set) ===

NBTree
------------------

ANTIVIRALS = no
|   FATIGUE = no
|   |   LIVER_FIRM = no: NB 3
|   |   LIVER_FIRM = yes: NB 4
|   FATIGUE = yes
|   |   SPIDERS = no: NB 6
|   |   SPIDERS = yes
|   |   |   LIVER_BIG = no: NB 8
|   |   |   LIVER_BIG = yes: NB 9
ANTIVIRALS = yes: NB 10

Leaf number: 3 Naive Bayes Classifier

                   Class
Attribute            DIE   LIVE
                  (0.05) (0.95)
================================
AGE
  7                   1.0    1.0
  20                  1.0    2.0
  22                  1.0    2.0
  23                  1.0    3.0
  24                  1.0    2.0
  25                  1.0    2.0
  26                  1.0    1.0
  27                  1.0    2.0
  28                  1.0    2.0
  30                  1.0    4.0
  31                  1.0    2.0
  32                  1.0    2.0
  33                  1.0    3.0
  34                  1.0    4.0
  35                  1.0    1.0
  36                  1.0    5.0
  37                  1.0    2.0
  38                  1.0    2.0
  39                  1.0    3.0
  40                  1.0    1.0
  41                  1.0    1.0
  42                  1.0    4.0
  43                  1.0    1.0
  44                  1.0    2.0
  45                  1.0    1.0
  46                  1.0    1.0
  47                  2.0    1.0
  48                  1.0    1.0
  49                  1.0    1.0
  50                  1.0    3.0
  51                  1.0    1.0
  52                  1.0    2.0
  53                  1.0    1.0
  54                  1.0    2.0
  56                  1.0    2.0
  57                  1.0    1.0
  58                  1.0    1.0
  59                  1.0    1.0
  60                  1.0    1.0
  61                  1.0    1.0
  62                  1.0    1.0
  64                  1.0    1.0
  65                  1.0    1.0
  66                  1.0    1.0
  67                  1.0    1.0
  69                  1.0    1.0
  70                  1.0    1.0
  72                  1.0    1.0
  78                  1.0    1.0
  [total]            50.0   84.0

SEX
  male                1.0    2.0
  female              2.0   35.0
  [total]             3.0   37.0

STEROID
  no                  1.0   10.0
  yes                 2.0   27.0
  [total]             3.0   37.0

ANTIVIRALS
  no                  2.0   36.0
  yes                 1.0    1.0
  [total]             3.0   37.0

FATIGUE
  no                  2.0   36.0
  yes                 1.0    1.0
  [total]             3.0   37.0

MALAISE
  no                  2.0   36.0
  yes                 1.0    1.0
  [total]             3.0   37.0

ANOREXIA
  no                  2.0   36.0
  yes                 1.0    1.0
  [total]             3.0   37.0

LIVER_BIG
  no                  1.0    2.0
  yes                 2.0   35.0
  [total]             3.0   37.0

LIVER_FIRM
  no                  2.0   36.0
  yes                 1.0    1.0
  [total]             3.0   37.0

SPLEEN_PALPABLE
  no                  2.0   34.0
  yes                 1.0    3.0
  [total]             3.0   37.0

SPIDERS
  no                  1.0   36.0
  yes                 2.0    1.0
  [total]             3.0   37.0

ASCITES
  no                  2.0   36.0
  yes                 1.0    1.0
  [total]             3.0   37.0

VARICES
  no                  1.0   36.0
  yes                 2.0    1.0
  [total]             3.0   37.0

BILIRUBIN
  0.3                 1.0    1.0
  0.4                 1.0    1.0
  0.5                 1.0    1.0
  0.6                 1.0    4.0
  0.7                 1.0    9.0
  0.8                 1.0    4.0
  0.9                 1.0    5.0
  1                   1.0   13.0
  1.1                 1.0    2.0
  1.2                 1.0    1.0
  1.3                 1.0    1.0
  1.4                 1.0    1.0
  1.5                 1.0    4.0
  1.6                 1.0    1.0
  1.7                 1.0    1.0
  1.8                 1.0    1.0
  1.9                 1.0    1.0
  2                   2.0    1.0
  2.2                 1.0    1.0
  2.3                 1.0    1.0
  2.4                 1.0    1.0
  2.5                 1.0    1.0
  2.8                 1.0    1.0
  2.9                 1.0    1.0
  3                   1.0    1.0
  3.2                 1.0    1.0
  3.5                 1.0    1.0
  3.9                 1.0    1.0
  4.1                 1.0    1.0
  4.2                 1.0    1.0
  4.6                 1.0    2.0
  4.8                 1.0    1.0
  7.6                 1.0    1.0
  8                   1.0    1.0
  [total]            35.0   69.0

ALK_PHOSPHATE
  26                  1.0    2.0
  30                  1.0    1.0
  34                  1.0    1.0
  40                  1.0    1.0
  44                  1.0    1.0
  45                  1.0    1.0
  46                  1.0    2.0
  48                  1.0    1.0
  50                  1.0    1.0
  52                  1.0    1.0
  53                  1.0    2.0
  55                  1.0    1.0
  56                  1.0    2.0
  57                  1.0    1.0
  58                  1.0    1.0
  59                  1.0    1.0
  60                  1.0    2.0
  62                  1.0    3.0
  63                  1.0    1.0
  65                  1.0    1.0
  67                  1.0    1.0
  68                  1.0    1.0
  70                  1.0    1.0
  71                  1.0    1.0
  72                  1.0    1.0
  74                  1.0    1.0
  75                  1.0    1.0
  76                  1.0    1.0
  78                  1.0    1.0
  80                  1.0    1.0
  81                  1.0    1.0
  82                  1.0    2.0
  84                  2.0    1.0
  85                  1.0   19.0
  86                  1.0    1.0
  89                  1.0    2.0
  90                  1.0    1.0
  92                  1.0    1.0
  95                  1.0    2.0
  96                  1.0    1.0
  100                 1.0    3.0
  102                 1.0    2.0
  103                 1.0    1.0
  107                 1.0    1.0
  109                 1.0    1.0
  110                 1.0    2.0
  114                 1.0    1.0
  115                 1.0    1.0
  118                 1.0    1.0
  119                 1.0    1.0
  120                 1.0    2.0
  123                 1.0    1.0
  125                 1.0    1.0
  126                 1.0    1.0
  127                 1.0    1.0
  130                 1.0    1.0
  133                 1.0    1.0
  135                 1.0    1.0
  138                 1.0    1.0
  139                 1.0    2.0
  141                 1.0    2.0
  147                 1.0    1.0
  150                 1.0    1.0
  155                 1.0    1.0
  158                 1.0    1.0
  160                 1.0    1.0
  164                 1.0    1.0
  165                 1.0    1.0
  166                 1.0    1.0
  167                 1.0    1.0
  168                 1.0    1.0
  175                 1.0    1.0
  179                 1.0    1.0
  180                 1.0    1.0
  181                 1.0    1.0
  191                 1.0    1.0
  194                 1.0    1.0
  215                 1.0    1.0
  230                 1.0    1.0
  243                 1.0    1.0
  256                 1.0    1.0
  280                 1.0    1.0
  295                 1.0    1.0
  [total]            84.0  118.0

SGOT
  14                  1.0    2.0
  15                  1.0    1.0
  16                  1.0    2.0
  18                  1.0    2.0
  19                  1.0    1.0
  20                  1.0    4.0
  23                  2.0    1.0
  24                  1.0    2.0
  25                  1.0    1.0
  28                  1.0    2.0
  29                  1.0    1.0
  30                  1.0    3.0
  31                  1.0    3.0
  32                  1.0    1.0
  33                  1.0    2.0
  34                  1.0    2.0
  38                  1.0    2.0
  39                  1.0    2.0
  40                  1.0    2.0
  42                  1.0    2.0
  43                  1.0    1.0
  44                  1.0    2.0
  45                  1.0    1.0
  46                  1.0    1.0
  48                  1.0    1.0
  49                  1.0    1.0
  52                  1.0    1.0
  53                  1.0    1.0
  54                  1.0    1.0
  55                  1.0    1.0
  58                  1.0    2.0
  59                  1.0    1.0
  60                  1.0    3.0
  63                  1.0    2.0
  64                  1.0    2.0
  65                  1.0    1.0
  68                  1.0    1.0
  69                  1.0    2.0
  70                  1.0    1.0
  75                  1.0    2.0
  78                  1.0    1.0
  80                  1.0    1.0
  81                  1.0    2.0
  86                  1.0    2.0
  89                  1.0    1.0
  90                  1.0    2.0
  92                  1.0    1.0
  98                  1.0    1.0
  100                 1.0    2.0
  101                 1.0    1.0
  110                 1.0    1.0
  114                 1.0    1.0
  117                 1.0    1.0
  118                 1.0    1.0
  120                 1.0    2.0
  123                 1.0    1.0
  128                 1.0    1.0
  136                 1.0    1.0
  140                 1.0    1.0
  142                 1.0    1.0
  144                 1.0    1.0
  145                 1.0    2.0
  150                 1.0    1.0
  152                 1.0    2.0
  153                 1.0    1.0
  156                 1.0    1.0
  157                 1.0    1.0
  166                 1.0    1.0
  173                 1.0    1.0
  181                 1.0    1.0
  182                 1.0    1.0
  200                 1.0    2.0
  224                 1.0    2.0
  225                 1.0    1.0
  227                 1.0    1.0
  231                 1.0    1.0
  242                 1.0    1.0
  249                 1.0    1.0
  269                 1.0    1.0
  271                 1.0    1.0
  278                 1.0    1.0
  420                 1.0    1.0
  528                 1.0    1.0
  648                 1.0    1.0
  [total]            85.0  119.0

ALBUMIN
  2.1                 1.0    1.0
  2.2                 1.0    1.0
  2.4                 1.0    1.0
  2.6                 1.0    1.0
  2.7                 1.0    1.0
  2.8                 1.0    1.0
  2.9                 1.0    2.0
  3                   1.0    2.0
  3.1                 1.0    1.0
  3.3                 1.0    2.0
  3.4                 1.0    1.0
  3.5                 1.0    1.0
  3.6                 1.0    1.0
  3.7                 1.0    1.0
  3.8                 1.0    1.0
  3.9                 1.0    3.0
  4                   1.0   17.0
  4.1                 1.0    2.0
  4.2                 2.0    4.0
  4.3                 1.0    2.0
  4.4                 1.0    3.0
  4.5                 1.0    3.0
  4.6                 1.0    2.0
  4.7                 1.0    2.0
  4.8                 1.0    1.0
  4.9                 1.0    2.0
  5                   1.0    1.0
  5.3                 1.0    2.0
  6.4                 1.0    2.0
  [total]            30.0   64.0

PROTIME
  0                   1.0    2.0
  21                  1.0    1.0
  23                  1.0    1.0
  29                  1.0    1.0
  30                  1.0    1.0
  31                  1.0    1.0
  32                  1.0    1.0
  35                  1.0    1.0
  36                  1.0    1.0
  38                  1.0    1.0
  39                  1.0    1.0
  40                  1.0    1.0
  41                  1.0    1.0
  42                  1.0    1.0
  43                  1.0    1.0
  46                  1.0    1.0
  47                  1.0    2.0
  48                  1.0    1.0
  50                  1.0    1.0
  51                  1.0    1.0
  52                  1.0    1.0
  54                  1.0    1.0
  56                  1.0    1.0
  57                  1.0    1.0
  58                  1.0    1.0
  60                  1.0    2.0
  62                  1.0    2.0
  63                  1.0    1.0
  64                  1.0    1.0
  66                  2.0    1.0
  67                  1.0    1.0
  70                  1.0    2.0
  72                  1.0    1.0
  73                  1.0    1.0
  74                  1.0    1.0
  75                  1.0    2.0
  76                  1.0    1.0
  77                  1.0    1.0
  78                  1.0    1.0
  80                  1.0    1.0
  84                  1.0    1.0
  85                  1.0    3.0
  90                  1.0    2.0
  100                 1.0   27.0
  [total]            45.0   79.0

HISTOLOGY
  no                  1.0   25.0
  yes                 2.0   12.0
  [total]             3.0   37.0



Leaf number: 4 Naive Bayes Classifier

                  Class
Attribute           DIE  LIVE
                  (0.2) (0.8)
==============================
AGE
  7                  1.0   2.0
  20                 1.0   1.0
  22                 1.0   1.0
  23                 1.0   1.0
  24                 1.0   1.0
  25                 1.0   1.0
  26                 1.0   2.0
  27                 1.0   1.0
  28                 1.0   1.0
  30                 1.0   1.0
  31                 1.0   1.0
  32                 1.0   1.0
  33                 1.0   1.0
  34                 1.0   1.0
  35                 1.0   1.0
  36                 1.0   2.0
  37                 1.0   2.0
  38                 2.0   2.0
  39                 1.0   1.0
  40                 1.0   1.0
  41                 1.0   1.0
  42                 1.0   1.0
  43                 1.0   1.0
  44                 1.0   1.0
  45                 1.0   1.0
  46                 1.0   1.0
  47                 1.0   1.0
  48                 1.0   1.0
  49                 1.0   1.0
  50                 1.0   2.0
  51                 1.0   2.0
  52                 1.0   1.0
  53                 1.0   1.0
  54                 1.0   1.0
  56                 1.0   1.0
  57                 1.0   1.0
  58                 1.0   1.0
  59                 1.0   1.0
  60                 1.0   1.0
  61                 1.0   1.0
  62                 1.0   1.0
  64                 1.0   1.0
  65                 1.0   1.0
  66                 1.0   1.0
  67                 1.0   1.0
  69                 1.0   1.0
  70                 1.0   1.0
  72                 1.0   1.0
  78                 1.0   1.0
  [total]           50.0  56.0

SEX
  male               1.0   2.0
  female             2.0   7.0
  [total]            3.0   9.0

STEROID
  no                 2.0   4.0
  yes                1.0   5.0
  [total]            3.0   9.0

ANTIVIRALS
  no                 2.0   8.0
  yes                1.0   1.0
  [total]            3.0   9.0

FATIGUE
  no                 2.0   8.0
  yes                1.0   1.0
  [total]            3.0   9.0

MALAISE
  no                 2.0   8.0
  yes                1.0   1.0
  [total]            3.0   9.0

ANOREXIA
  no                 2.0   8.0
  yes                1.0   1.0
  [total]            3.0   9.0

LIVER_BIG
  no                 1.0   3.0
  yes                2.0   6.0
  [total]            3.0   9.0

LIVER_FIRM
  no                 1.0   1.0
  yes                2.0   8.0
  [total]            3.0   9.0

SPLEEN_PALPABLE
  no                 2.0   5.0
  yes                1.0   4.0
  [total]            3.0   9.0

SPIDERS
  no                 2.0   4.0
  yes                1.0   5.0
  [total]            3.0   9.0

ASCITES
  no                 2.0   8.0
  yes                1.0   1.0
  [total]            3.0   9.0

VARICES
  no                 2.0   7.0
  yes                1.0   2.0
  [total]            3.0   9.0

BILIRUBIN
  0.3                1.0   1.0
  0.4                2.0   1.0
  0.5                1.0   2.0
  0.6                1.0   2.0
  0.7                1.0   3.0
  0.8                1.0   2.0
  0.9                1.0   1.0
  1                  1.0   2.0
  1.1                1.0   1.0
  1.2                1.0   1.0
  1.3                1.0   1.0
  1.4                1.0   1.0
  1.5                1.0   1.0
  1.6                1.0   2.0
  1.7                1.0   1.0
  1.8                1.0   1.0
  1.9                1.0   1.0
  2                  1.0   1.0
  2.2                1.0   1.0
  2.3                1.0   1.0
  2.4                1.0   1.0
  2.5                1.0   1.0
  2.8                1.0   1.0
  2.9                1.0   1.0
  3                  1.0   1.0
  3.2                1.0   1.0
  3.5                1.0   1.0
  3.9                1.0   1.0
  4.1                1.0   1.0
  4.2                1.0   1.0
  4.6                1.0   1.0
  4.8                1.0   1.0
  7.6                1.0   1.0
  8                  1.0   1.0
  [total]           35.0  41.0

ALK_PHOSPHATE
  26                 1.0   1.0
  30                 1.0   1.0
  34                 1.0   1.0
  40                 1.0   1.0
  44                 1.0   1.0
  45                 1.0   1.0
  46                 1.0   1.0
  48                 1.0   1.0
  50                 1.0   1.0
  52                 1.0   1.0
  53                 1.0   1.0
  55                 1.0   1.0
  56                 1.0   1.0
  57                 1.0   1.0
  58                 1.0   1.0
  59                 1.0   1.0
  60                 1.0   1.0
  62                 1.0   1.0
  63                 1.0   1.0
  65                 1.0   1.0
  67                 1.0   1.0
  68                 1.0   1.0
  70                 1.0   1.0
  71                 1.0   1.0
  72                 1.0   1.0
  74                 1.0   1.0
  75                 1.0   1.0
  76                 1.0   1.0
  78                 1.0   1.0
  80                 1.0   2.0
  81                 1.0   1.0
  82                 1.0   1.0
  84                 1.0   1.0
  85                 1.0   3.0
  86                 1.0   1.0
  89                 1.0   1.0
  90                 1.0   1.0
  92                 1.0   1.0
  95                 1.0   1.0
  96                 1.0   1.0
  100                1.0   1.0
  102                1.0   1.0
  103                1.0   1.0
  107                1.0   1.0
  109                1.0   1.0
  110                1.0   1.0
  114                1.0   1.0
  115                1.0   1.0
  118                1.0   1.0
  119                1.0   1.0
  120                1.0   1.0
  123                1.0   1.0
  125                1.0   1.0
  126                1.0   1.0
  127                1.0   1.0
  130                1.0   2.0
  133                1.0   1.0
  135                1.0   2.0
  138                1.0   1.0
  139                1.0   1.0
  141                1.0   1.0
  147                1.0   1.0
  150                1.0   1.0
  155                1.0   1.0
  158                1.0   1.0
  160                1.0   1.0
  164                1.0   2.0
  165                1.0   1.0
  166                1.0   1.0
  167                1.0   1.0
  168                1.0   1.0
  175                1.0   1.0
  179                1.0   1.0
  180                1.0   1.0
  181                1.0   1.0
  191                1.0   1.0
  194                1.0   1.0
  215                1.0   1.0
  230                1.0   1.0
  243                2.0   1.0
  256                1.0   2.0
  280                1.0   1.0
  295                1.0   1.0
  [total]           84.0  90.0

SGOT
  14                 1.0   1.0
  15                 1.0   1.0
  16                 1.0   1.0
  18                 1.0   1.0
  19                 1.0   1.0
  20                 1.0   1.0
  23                 1.0   1.0
  24                 1.0   1.0
  25                 1.0   2.0
  28                 1.0   1.0
  29                 1.0   2.0
  30                 1.0   1.0
  31                 1.0   1.0
  32                 1.0   1.0
  33                 1.0   2.0
  34                 1.0   1.0
  38                 1.0   1.0
  39                 1.0   1.0
  40                 1.0   1.0
  42                 1.0   1.0
  43                 1.0   1.0
  44                 1.0   2.0
  45                 1.0   1.0
  46                 1.0   1.0
  48                 1.0   1.0
  49                 2.0   1.0
  52                 1.0   1.0
  53                 1.0   1.0
  54                 1.0   1.0
  55                 1.0   1.0
  58                 1.0   1.0
  59                 1.0   1.0
  60                 1.0   1.0
  63                 1.0   1.0
  64                 1.0   1.0
  65                 1.0   1.0
  68                 1.0   1.0
  69                 1.0   1.0
  70                 1.0   1.0
  75                 1.0   2.0
  78                 1.0   1.0
  80                 1.0   2.0
  81                 1.0   1.0
  86                 1.0   1.0
  89                 1.0   1.0
  90                 1.0   1.0
  92                 1.0   1.0
  98                 1.0   1.0
  100                1.0   1.0
  101                1.0   1.0
  110                1.0   1.0
  114                1.0   1.0
  117                1.0   1.0
  118                1.0   1.0
  120                1.0   1.0
  123                1.0   1.0
  128                1.0   1.0
  136                1.0   1.0
  140                1.0   2.0
  142                1.0   1.0
  144                1.0   1.0
  145                1.0   1.0
  150                1.0   1.0
  152                1.0   1.0
  153                1.0   1.0
  156                1.0   1.0
  157                1.0   1.0
  166                1.0   1.0
  173                1.0   1.0
  181                1.0   1.0
  182                1.0   1.0
  200                1.0   1.0
  224                1.0   1.0
  225                1.0   1.0
  227                1.0   1.0
  231                1.0   1.0
  242                1.0   1.0
  249                1.0   1.0
  269                1.0   1.0
  271                1.0   1.0
  278                1.0   1.0
  420                1.0   1.0
  528                1.0   1.0
  648                1.0   1.0
  [total]           85.0  91.0

ALBUMIN
  2.1                1.0   1.0
  2.2                1.0   1.0
  2.4                1.0   1.0
  2.6                1.0   1.0
  2.7                1.0   1.0
  2.8                1.0   1.0
  2.9                1.0   1.0
  3                  1.0   1.0
  3.1                1.0   2.0
  3.3                1.0   1.0
  3.4                1.0   1.0
  3.5                1.0   2.0
  3.6                1.0   1.0
  3.7                1.0   1.0
  3.8                2.0   3.0
  3.9                1.0   1.0
  4                  1.0   2.0
  4.1                1.0   1.0
  4.2                1.0   2.0
  4.3                1.0   1.0
  4.4                1.0   1.0
  4.5                1.0   2.0
  4.6                1.0   1.0
  4.7                1.0   1.0
  4.8                1.0   1.0
  4.9                1.0   1.0
  5                  1.0   1.0
  5.3                1.0   1.0
  6.4                1.0   1.0
  [total]           30.0  36.0

PROTIME
  0                  1.0   1.0
  21                 1.0   1.0
  23                 1.0   1.0
  29                 1.0   1.0
  30                 1.0   1.0
  31                 1.0   1.0
  32                 1.0   1.0
  35                 1.0   1.0
  36                 1.0   1.0
  38                 1.0   1.0
  39                 1.0   1.0
  40                 1.0   1.0
  41                 1.0   2.0
  42                 1.0   1.0
  43                 1.0   1.0
  46                 1.0   1.0
  47                 1.0   1.0
  48                 1.0   1.0
  50                 1.0   1.0
  51                 1.0   1.0
  52                 1.0   1.0
  54                 1.0   1.0
  56                 1.0   2.0
  57                 1.0   1.0
  58                 1.0   1.0
  60                 1.0   2.0
  62                 1.0   1.0
  63                 1.0   1.0
  64                 1.0   1.0
  66                 1.0   1.0
  67                 1.0   1.0
  70                 1.0   1.0
  72                 1.0   2.0
  73                 1.0   1.0
  74                 1.0   1.0
  75                 1.0   1.0
  76                 1.0   1.0
  77                 1.0   1.0
  78                 1.0   1.0
  80                 1.0   1.0
  84                 1.0   1.0
  85                 1.0   1.0
  90                 2.0   1.0
  100                1.0   4.0
  [total]           45.0  51.0

HISTOLOGY
  no                 1.0   4.0
  yes                2.0   5.0
  [total]            3.0   9.0



Leaf number: 6 Naive Bayes Classifier

                   Class
Attribute            DIE   LIVE
                  (0.39) (0.61)
================================
AGE
  7                   1.0    1.0
  20                  1.0    1.0
  22                  1.0    1.0
  23                  1.0    3.0
  24                  1.0    2.0
  25                  1.0    1.0
  26                  1.0    1.0
  27                  1.0    3.0
  28                  1.0    4.0
  30                  1.0    3.0
  31                  5.0    2.0
  32                  1.0    1.0
  33                 11.0    1.0
  34                  1.0    2.0
  35                  1.0    2.0
  36                  1.0    2.0
  37                  1.0    2.0
  38                  1.0    3.0
  39                  1.0    3.0
  40                  1.0    2.0
  41                  1.0    1.0
  42                  1.0    1.0
  43                  1.0    1.0
  44                  2.0    3.0
  45                  1.0    4.0
  46                  1.0    1.0
  47                  5.0    1.0
  48                  1.0    1.0
  49                  1.0    2.0
  50                  2.0    2.0
  51                  1.0    2.0
  52                  1.0    2.0
  53                  1.0    1.0
  54                  2.0    3.0
  56                  1.0    2.0
  57                  1.0    1.0
  58                  1.0    1.0
  59                  1.0    1.0
  60                  1.0    1.0
  61                  1.0    2.0
  62                  2.0    1.0
  64                  1.0    1.0
  65                  1.0    1.0
  66                  1.0    2.0
  67                  1.0    2.0
  69                  1.0    2.0
  70                  2.0    1.0
  72                  1.0    1.0
  78                  1.0    2.0
  [total]            72.0   86.0

SEX
  male                1.0    5.0
  female             24.0   34.0
  [total]            25.0   39.0

STEROID
  no                 19.0   22.0
  yes                 6.0   17.0
  [total]            25.0   39.0

ANTIVIRALS
  no                 24.0   38.0
  yes                 1.0    1.0
  [total]            25.0   39.0

FATIGUE
  no                  1.0    1.0
  yes                24.0   38.0
  [total]            25.0   39.0

MALAISE
  no                  2.0   21.0
  yes                23.0   18.0
  [total]            25.0   39.0

ANOREXIA
  no                 22.0   29.0
  yes                 3.0   10.0
  [total]            25.0   39.0

LIVER_BIG
  no                  1.0    5.0
  yes                24.0   34.0
  [total]            25.0   39.0

LIVER_FIRM
  no                 19.0   26.0
  yes                 6.0   13.0
  [total]            25.0   39.0

SPLEEN_PALPABLE
  no                 20.0   35.0
  yes                 5.0    4.0
  [total]            25.0   39.0

SPIDERS
  no                 24.0   38.0
  yes                 1.0    1.0
  [total]            25.0   39.0

ASCITES
  no                 11.0   36.0
  yes                14.0    3.0
  [total]            25.0   39.0

VARICES
  no                 18.0   38.0
  yes                 7.0    1.0
  [total]            25.0   39.0

BILIRUBIN
  0.3                 1.0    1.0
  0.4                 7.0    1.0
  0.5                 1.0    1.0
  0.6                 1.0    3.0
  0.7                 8.0    6.0
  0.8                 1.0    5.0
  0.9                 2.0    5.0
  1                   5.0    7.0
  1.1                 1.0    1.0
  1.2                 1.0    5.0
  1.3                 1.0    3.0
  1.4                 1.0    1.0
  1.5                 1.0    2.0
  1.6                 1.0    3.0
  1.7                 3.0    1.0
  1.8                 1.0    2.0
  1.9                 1.0    1.0
  2                   1.0    2.0
  2.2                 1.0    2.0
  2.3                 1.0    2.0
  2.4                 1.0    2.0
  2.5                 1.0    1.0
  2.8                 2.0    1.0
  2.9                 1.0    1.0
  3                   1.0    1.0
  3.2                 1.0    3.0
  3.5                 1.0    1.0
  3.9                 2.0    1.0
  4.1                 1.0    1.0
  4.2                 1.0    1.0
  4.6                 1.0    1.0
  4.8                 1.0    1.0
  7.6                 1.0    1.0
  8                   2.0    1.0
  [total]            57.0   71.0

ALK_PHOSPHATE
  26                  1.0    1.0
  30                  1.0    1.0
  34                  1.0    2.0
  40                  1.0    1.0
  44                  1.0    2.0
  45                  1.0    1.0
  46                  1.0    1.0
  48                  1.0    1.0
  50                  1.0    2.0
  52                  1.0    1.0
  53                  1.0    1.0
  55                  1.0    1.0
  56                  1.0    1.0
  57                  1.0    2.0
  58                  1.0    2.0
  59                  1.0    1.0
  60                  1.0    1.0
  62                  4.0    2.0
  63                  8.0    1.0
  65                  1.0    1.0
  67                  1.0    1.0
  68                  1.0    2.0
  70                  1.0    1.0
  71                  1.0    2.0
  72                  1.0    2.0
  74                  1.0    2.0
  75                  1.0    2.0
  76                  1.0    3.0
  78                  1.0    2.0
  80                  1.0    1.0
  81                  1.0    2.0
  82                  4.0    1.0
  84                  1.0    1.0
  85                  3.0   11.0
  86                  5.0    1.0
  89                  1.0    1.0
  90                  1.0    1.0
  92                  1.0    2.0
  95                  1.0    2.0
  96                  1.0    2.0
  100                 1.0    1.0
  102                 1.0    2.0
  103                 1.0    2.0
  107                 1.0    1.0
  109                 2.0    1.0
  110                 1.0    1.0
  114                 1.0    1.0
  115                 1.0    1.0
  118                 1.0    1.0
  119                 1.0    2.0
  120                 2.0    1.0
  123                 1.0    1.0
  125                 1.0    1.0
  126                 1.0    2.0
  127                 1.0    1.0
  130                 1.0    1.0
  133                 1.0    1.0
  135                 2.0    2.0
  138                 1.0    1.0
  139                 1.0    1.0
  141                 1.0    1.0
  147                 1.0    1.0
  150                 1.0    1.0
  155                 2.0    1.0
  158                 1.0    1.0
  160                 1.0    1.0
  164                 1.0    1.0
  165                 1.0    1.0
  166                 1.0    1.0
  167                 1.0    1.0
  168                 1.0    2.0
  175                 1.0    1.0
  179                 1.0    2.0
  180                 1.0    1.0
  181                 1.0    1.0
  191                 1.0    2.0
  194                 1.0    2.0
  215                 1.0    1.0
  230                 1.0    1.0
  243                 1.0    1.0
  256                 1.0    1.0
  280                 1.0    1.0
  295                 1.0    1.0
  [total]           106.0  120.0

SGOT
  14                  1.0    2.0
  15                  1.0    2.0
  16                  1.0    1.0
  18                  1.0    3.0
  19                  1.0    1.0
  20                  5.0    2.0
  23                  1.0    1.0
  24                  1.0    1.0
  25                  1.0    2.0
  28                 11.0    2.0
  29                  1.0    1.0
  30                  1.0    2.0
  31                  1.0    1.0
  32                  1.0    2.0
  33                  1.0    1.0
  34                  1.0    2.0
  38                  1.0    1.0
  39                  1.0    1.0
  40                  1.0    1.0
  42                  1.0    2.0
  43                  1.0    2.0
  44                  1.0    1.0
  45                  1.0    2.0
  46                  1.0    2.0
  48                  1.0    2.0
  49                  4.0    1.0
  52                  1.0    1.0
  53                  1.0    2.0
  54                  1.0    1.0
  55                  2.0    1.0
  58                  1.0    1.0
  59                  1.0    2.0
  60                  2.0    1.0
  63                  1.0    1.0
  64                  1.0    1.0
  65                  1.0    2.0
  68                  1.0    2.0
  69                  1.0    2.0
  70                  1.0    1.0
  75                  2.0    2.0
  78                  1.0    2.0
  80                  2.0    1.0
  81                  1.0    1.0
  86                  1.0    1.0
  89                  1.0    2.0
  90                  1.0    1.0
  92                  1.0    3.0
  98                  1.0    1.0
  100                 1.0    1.0
  101                 2.0    1.0
  110                 1.0    2.0
  114                 1.0    1.0
  117                 1.0    1.0
  118                 1.0    1.0
  120                 1.0    1.0
  123                 1.0    2.0
  128                 1.0    1.0
  136                 1.0    2.0
  140                 1.0    1.0
  142                 1.0    2.0
  144                 1.0    2.0
  145                 1.0    1.0
  150                 1.0    2.0
  152                 1.0    1.0
  153                 1.0    1.0
  156                 1.0    1.0
  157                 1.0    1.0
  166                 1.0    2.0
  173                 1.0    2.0
  181                 1.0    1.0
  182                 1.0    1.0
  200                 1.0    1.0
  224                 1.0    1.0
  225                 1.0    1.0
  227                 1.0    2.0
  231                 1.0    1.0
  242                 1.0    1.0
  249                 1.0    1.0
  269                 1.0    1.0
  271                 1.0    2.0
  278                 1.0    1.0
  420                 1.0    2.0
  528                 2.0    1.0
  648                 1.0    2.0
  [total]           107.0  121.0

ALBUMIN
  2.1                 5.0    1.0
  2.2                 2.0    1.0
  2.4                 2.0    1.0
  2.6                 4.0    1.0
  2.7                 1.0    1.0
  2.8                 2.0    1.0
  2.9                 1.0    3.0
  3                   2.0    3.0
  3.1                 1.0    2.0
  3.3                 1.0    2.0
  3.4                 1.0    1.0
  3.5                 5.0    3.0
  3.6                 1.0    1.0
  3.7                 1.0    2.0
  3.8                 7.0    4.0
  3.9                 1.0    1.0
  4                   3.0   12.0
  4.1                 1.0    3.0
  4.2                 1.0    3.0
  4.3                 1.0    4.0
  4.4                 1.0    6.0
  4.5                 1.0    1.0
  4.6                 1.0    1.0
  4.7                 1.0    1.0
  4.8                 1.0    2.0
  4.9                 1.0    2.0
  5                   1.0    1.0
  5.3                 1.0    1.0
  6.4                 1.0    1.0
  [total]            52.0   66.0

PROTIME
  0                   1.0    1.0
  21                  1.0    1.0
  23                  1.0    1.0
  29                  4.0    1.0
  30                  4.0    1.0
  31                 11.0    1.0
  32                  2.0    1.0
  35                  2.0    1.0
  36                  1.0    1.0
  38                  1.0    1.0
  39                  1.0    1.0
  40                  1.0    1.0
  41                  2.0    1.0
  42                  1.0    1.0
  43                  2.0    1.0
  46                  2.0    4.0
  47                  1.0    1.0
  48                  1.0    1.0
  50                  1.0    1.0
  51                  1.0    1.0
  52                  1.0    1.0
  54                  1.0    3.0
  56                  1.0    1.0
  57                  1.0    2.0
  58                  1.0    1.0
  60                  1.0    1.0
  62                  1.0    1.0
  63                  1.0    2.0
  64                  1.0    1.0
  66                  1.0    4.0
  67                  1.0    1.0
  70                  1.0    1.0
  72                  1.0    1.0
  73                  1.0    2.0
  74                  1.0    2.0
  75                  1.0    1.0
  76                  1.0    1.0
  77                  1.0    1.0
  78                  1.0    2.0
  80                  1.0    1.0
  84                  1.0    2.0
  85                  1.0    1.0
  90                  1.0    2.0
  100                 3.0   23.0
  [total]            67.0   81.0

HISTOLOGY
  no                  2.0   28.0
  yes                23.0   11.0
  [total]            25.0   39.0



Leaf number: 8 Naive Bayes Classifier

                   Class
Attribute            DIE   LIVE
                  (0.56) (0.44)
================================
AGE
  7                   1.0    1.0
  20                  1.0    2.0
  22                  1.0    1.0
  23                  1.0    1.0
  24                  1.0    1.0
  25                  1.0    2.0
  26                  1.0    1.0
  27                  1.0    2.0
  28                  1.0    1.0
  30                  1.0    1.0
  31                  1.0    1.0
  32                  1.0    1.0
  33                  1.0    1.0
  34                 12.0    3.0
  35                  1.0    1.0
  36                  1.0    2.0
  37                  1.0    1.0
  38                  1.0    1.0
  39                  1.0    1.0
  40                  1.0    1.0
  41                  1.0    1.0
  42                  1.0    1.0
  43                  1.0    1.0
  44                  1.0    2.0
  45                  1.0    1.0
  46                  1.0    1.0
  47                  1.0    1.0
  48                  1.0    1.0
  49                  1.0    1.0
  50                  1.0    2.0
  51                  1.0    1.0
  52                  1.0    1.0
  53                  1.0    1.0
  54                  1.0    1.0
  56                  2.0    1.0
  57                  1.0    1.0
  58                  2.0    1.0
  59                  1.0    1.0
  60                  1.0    2.0
  61                  1.0    2.0
  62                  1.0    1.0
  64                  1.0    1.0
  65                  1.0    1.0
  66                  1.0    1.0
  67                  1.0    1.0
  69                  1.0    1.0
  70                  1.0    1.0
  72                  1.0    1.0
  78                  1.0    1.0
  [total]            62.0   59.0

SEX
  male                1.0    4.0
  female             14.0    8.0
  [total]            15.0   12.0

STEROID
  no                 13.0    8.0
  yes                 2.0    4.0
  [total]            15.0   12.0

ANTIVIRALS
  no                 14.0   11.0
  yes                 1.0    1.0
  [total]            15.0   12.0

FATIGUE
  no                  1.0    1.0
  yes                14.0   11.0
  [total]            15.0   12.0

MALAISE
  no                 12.0    5.0
  yes                 3.0    7.0
  [total]            15.0   12.0

ANOREXIA
  no                 13.0    7.0
  yes                 2.0    5.0
  [total]            15.0   12.0

LIVER_BIG
  no                 14.0   11.0
  yes                 1.0    1.0
  [total]            15.0   12.0

LIVER_FIRM
  no                  1.0    1.0
  yes                14.0   11.0
  [total]            15.0   12.0

SPLEEN_PALPABLE
  no                 13.0    6.0
  yes                 2.0    6.0
  [total]            15.0   12.0

SPIDERS
  no                  1.0    1.0
  yes                14.0   11.0
  [total]            15.0   12.0

ASCITES
  no                 14.0   10.0
  yes                 1.0    2.0
  [total]            15.0   12.0

VARICES
  no                 14.0    9.0
  yes                 1.0    3.0
  [total]            15.0   12.0

BILIRUBIN
  0.3                 1.0    1.0
  0.4                 4.0    1.0
  0.5                 1.0    1.0
  0.6                 1.0    1.0
  0.7                 1.0    2.0
  0.8                 1.0    2.0
  0.9                 1.0    2.0
  1                   1.0    3.0
  1.1                 1.0    1.0
  1.2                 1.0    2.0
  1.3                 1.0    2.0
  1.4                 1.0    1.0
  1.5                 1.0    1.0
  1.6                 1.0    1.0
  1.7                 1.0    2.0
  1.8                 1.0    1.0
  1.9                 1.0    1.0
  2                   9.0    1.0
  2.2                 1.0    1.0
  2.3                 1.0    2.0
  2.4                 1.0    1.0
  2.5                 1.0    1.0
  2.8                 2.0    1.0
  2.9                 2.0    1.0
  3                   1.0    2.0
  3.2                 1.0    1.0
  3.5                 1.0    1.0
  3.9                 1.0    1.0
  4.1                 1.0    1.0
  4.2                 1.0    1.0
  4.6                 1.0    1.0
  4.8                 1.0    1.0
  7.6                 1.0    1.0
  8                   1.0    1.0
  [total]            47.0   44.0

ALK_PHOSPHATE
  26                  1.0    1.0
  30                  1.0    1.0
  34                  1.0    1.0
  40                  1.0    1.0
  44                  1.0    1.0
  45                  1.0    1.0
  46                  1.0    1.0
  48                  1.0    1.0
  50                  1.0    1.0
  52                  1.0    1.0
  53                  1.0    1.0
  55                  1.0    1.0
  56                  1.0    1.0
  57                  1.0    1.0
  58                  1.0    1.0
  59                  1.0    1.0
  60                  1.0    1.0
  62                  1.0    1.0
  63                  1.0    1.0
  65                  7.0    1.0
  67                  3.0    1.0
  68                  1.0    1.0
  70                  1.0    2.0
  71                  1.0    1.0
  72                  1.0    2.0
  74                  1.0    1.0
  75                  1.0    2.0
  76                  1.0    1.0
  78                  1.0    1.0
  80                  1.0    1.0
  81                  1.0    1.0
  82                  1.0    1.0
  84                  3.0    1.0
  85                  1.0    2.0
  86                  1.0    1.0
  89                  1.0    1.0
  90                  2.0    1.0
  92                  1.0    1.0
  95                  1.0    1.0
  96                  1.0    1.0
  100                 1.0    1.0
  102                 1.0    1.0
  103                 1.0    1.0
  107                 1.0    1.0
  109                 1.0    1.0
  110                 1.0    1.0
  114                 1.0    2.0
  115                 1.0    1.0
  118                 1.0    1.0
  119                 1.0    1.0
  120                 1.0    1.0
  123                 1.0    1.0
  125                 1.0    1.0
  126                 1.0    1.0
  127                 2.0    1.0
  130                 1.0    1.0
  133                 1.0    2.0
  135                 1.0    1.0
  138                 1.0    1.0
  139                 1.0    1.0
  141                 1.0    1.0
  147                 1.0    1.0
  150                 1.0    2.0
  155                 1.0    1.0
  158                 1.0    1.0
  160                 1.0    1.0
  164                 1.0    1.0
  165                 1.0    1.0
  166                 1.0    1.0
  167                 2.0    1.0
  168                 1.0    1.0
  175                 1.0    1.0
  179                 1.0    1.0
  180                 1.0    1.0
  181                 1.0    2.0
  191                 1.0    1.0
  194                 1.0    1.0
  215                 1.0    1.0
  230                 1.0    2.0
  243                 1.0    1.0
  256                 1.0    1.0
  280                 1.0    1.0
  295                 1.0    2.0
  [total]            96.0   93.0

SGOT
  14                  1.0    1.0
  15                  1.0    1.0
  16                  1.0    1.0
  18                  1.0    1.0
  19                  1.0    1.0
  20                  1.0    2.0
  23                  8.0    1.0
  24                  1.0    2.0
  25                  1.0    1.0
  28                  4.0    1.0
  29                  1.0    1.0
  30                  1.0    1.0
  31                  1.0    1.0
  32                  1.0    1.0
  33                  1.0    1.0
  34                  1.0    1.0
  38                  1.0    1.0
  39                  1.0    1.0
  40                  1.0    2.0
  42                  1.0    1.0
  43                  1.0    1.0
  44                  1.0    1.0
  45                  1.0    1.0
  46                  1.0    2.0
  48                  1.0    1.0
  49                  1.0    1.0
  52                  1.0    1.0
  53                  1.0    1.0
  54                  1.0    1.0
  55                  1.0    1.0
  58                  1.0    1.0
  59                  1.0    1.0
  60                  1.0    2.0
  63                  1.0    1.0
  64                  1.0    1.0
  65                  1.0    2.0
  68                  1.0    2.0
  69                  1.0    1.0
  70                  1.0    1.0
  75                  1.0    1.0
  78                  1.0    1.0
  80                  1.0    1.0
  81                  1.0    1.0
  86                  1.0    1.0
  89                  1.0    1.0
  90                  1.0    1.0
  92                  1.0    1.0
  98                  1.0    2.0
  100                 1.0    1.0
  101                 1.0    1.0
  110                 1.0    1.0
  114                 1.0    1.0
  117                 1.0    2.0
  118                 1.0    1.0
  120                 1.0    1.0
  123                 1.0    1.0
  128                 1.0    1.0
  136                 1.0    1.0
  140                 1.0    1.0
  142                 1.0    1.0
  144                 1.0    1.0
  145                 1.0    1.0
  150                 1.0    1.0
  152                 1.0    1.0
  153                 2.0    1.0
  156                 1.0    1.0
  157                 1.0    1.0
  166                 1.0    1.0
  173                 1.0    1.0
  181                 1.0    2.0
  182                 2.0    1.0
  200                 1.0    1.0
  224                 1.0    1.0
  225                 1.0    1.0
  227                 1.0    1.0
  231                 1.0    1.0
  242                 2.0    1.0
  249                 1.0    1.0
  269                 1.0    1.0
  271                 1.0    1.0
  278                 1.0    1.0
  420                 1.0    1.0
  528                 1.0    1.0
  648                 1.0    1.0
  [total]            97.0   94.0

ALBUMIN
  2.1                 1.0    1.0
  2.2                 1.0    1.0
  2.4                 1.0    1.0
  2.6                 1.0    1.0
  2.7                 1.0    2.0
  2.8                 1.0    1.0
  2.9                 1.0    1.0
  3                   1.0    1.0
  3.1                 1.0    1.0
  3.3                 2.0    1.0
  3.4                 1.0    2.0
  3.5                 1.0    2.0
  3.6                 1.0    1.0
  3.7                 1.0    1.0
  3.8                 3.0    1.0
  3.9                 1.0    2.0
  4                  11.0    2.0
  4.1                 1.0    4.0
  4.2                 1.0    1.0
  4.3                 1.0    1.0
  4.4                 1.0    2.0
  4.5                 1.0    2.0
  4.6                 1.0    1.0
  4.7                 1.0    1.0
  4.8                 1.0    1.0
  4.9                 1.0    1.0
  5                   1.0    1.0
  5.3                 1.0    1.0
  6.4                 1.0    1.0
  [total]            42.0   39.0

PROTIME
  0                   1.0    1.0
  21                  1.0    1.0
  23                  1.0    1.0
  29                  1.0    1.0
  30                  1.0    1.0
  31                  1.0    1.0
  32                  1.0    1.0
  35                  1.0    1.0
  36                  1.0    1.0
  38                  1.0    1.0
  39                  1.0    2.0
  40                  1.0    1.0
  41                  1.0    2.0
  42                  1.0    1.0
  43                  1.0    1.0
  46                  1.0    1.0
  47                  1.0    1.0
  48                  1.0    1.0
  50                  1.0    1.0
  51                  1.0    1.0
  52                  1.0    1.0
  54                  1.0    1.0
  56                  1.0    1.0
  57                  1.0    3.0
  58                  1.0    1.0
  60                  1.0    1.0
  62                  1.0    1.0
  63                  1.0    1.0
  64                  1.0    1.0
  66                  1.0    1.0
  67                  1.0    1.0
  70                  1.0    1.0
  72                  1.0    1.0
  73                  1.0    1.0
  74                  1.0    1.0
  75                  1.0    1.0
  76                  1.0    1.0
  77                  1.0    1.0
  78                  1.0    1.0
  80                  1.0    1.0
  84                  1.0    1.0
  85                  1.0    1.0
  90                  1.0    1.0
  100                14.0    7.0
  [total]            57.0   54.0

HISTOLOGY
  no                 10.0    4.0
  yes                 5.0    8.0
  [total]            15.0   12.0



Leaf number: 9 Naive Bayes Classifier

                   Class
Attribute            DIE   LIVE
                  (0.87) (0.13)
================================
AGE
  7                   1.0    1.0
  20                  1.0    2.0
  22                  1.0    1.0
  23                  1.0    1.0
  24                  1.0    1.0
  25                  1.0    1.0
  26                  1.0    1.0
  27                  1.0    1.0
  28                  1.0    2.0
  30                 14.0    2.0
  31                  4.0    1.0
  32                  1.0    2.0
  33                  4.0    1.0
  34                  3.0    1.0
  35                  2.0    1.0
  36                  1.0    1.0
  37                 13.0    2.0
  38                  2.0    1.0
  39                  1.0    1.0
  40                  1.0    1.0
  41                  2.0    1.0
  42                 13.0    1.0
  43                  5.0    1.0
  44                  1.0    1.0
  45                  2.0    1.0
  46                  2.0    1.0
  47                 14.0    1.0
  48                  2.0    2.0
  49                  2.0    1.0
  50                  1.0    1.0
  51                  2.0    3.0
  52                  1.0    1.0
  53                  1.0    2.0
  54                  1.0    1.0
  56                  1.0    1.0
  57                 12.0    1.0
  58                  1.0    2.0
  59                  2.0    1.0
  60                  1.0    1.0
  61                  2.0    1.0
  62                  1.0    2.0
  64                  1.0    1.0
  65                  1.0    2.0
  66                  1.0    1.0
  67                  1.0    1.0
  69                  1.0    1.0
  70                  1.0    1.0
  72                  1.0    1.0
  78                  1.0    1.0
  [total]           132.0   61.0

SEX
  male                1.0    4.0
  female             84.0   10.0
  [total]            85.0   14.0

STEROID
  no                 55.0    6.0
  yes                30.0    8.0
  [total]            85.0   14.0

ANTIVIRALS
  no                 84.0   13.0
  yes                 1.0    1.0
  [total]            85.0   14.0

FATIGUE
  no                  1.0    1.0
  yes                84.0   13.0
  [total]            85.0   14.0

MALAISE
  no                 14.0    5.0
  yes                71.0    9.0
  [total]            85.0   14.0

ANOREXIA
  no                 65.0    8.0
  yes                20.0    6.0
  [total]            85.0   14.0

LIVER_BIG
  no                  1.0    1.0
  yes                84.0   13.0
  [total]            85.0   14.0

LIVER_FIRM
  no                 60.0    6.0
  yes                25.0    8.0
  [total]            85.0   14.0

SPLEEN_PALPABLE
  no                 65.0    9.0
  yes                20.0    5.0
  [total]            85.0   14.0

SPIDERS
  no                  1.0    1.0
  yes                84.0   13.0
  [total]            85.0   14.0

ASCITES
  no                 41.0   10.0
  yes                44.0    4.0
  [total]            85.0   14.0

VARICES
  no                 65.0    9.0
  yes                20.0    5.0
  [total]            85.0   14.0

BILIRUBIN
  0.3                 1.0    2.0
  0.4                 1.0    1.0
  0.5                 7.0    1.0
  0.6                 5.0    1.0
  0.7                10.0    1.0
  0.8                 1.0    2.0
  0.9                 1.0    2.0
  1                  28.0    4.0
  1.1                 1.0    1.0
  1.2                12.0    1.0
  1.3                 1.0    2.0
  1.4                 5.0    2.0
  1.5                 3.0    2.0
  1.6                 1.0    1.0
  1.7                 4.0    1.0
  1.8                 1.0    1.0
  1.9                 5.0    1.0
  2                   4.0    2.0
  2.2                 1.0    1.0
  2.3                 1.0    1.0
  2.4                 1.0    1.0
  2.5                 2.0    1.0
  2.8                 1.0    1.0
  2.9                 1.0    1.0
  3                   1.0    1.0
  3.2                 1.0    1.0
  3.5                 1.0    2.0
  3.9                 1.0    1.0
  4.1                 2.0    1.0
  4.2                 2.0    1.0
  4.6                 6.0    2.0
  4.8                 2.0    1.0
  7.6                 2.0    1.0
  8                   1.0    1.0
  [total]           117.0   46.0

ALK_PHOSPHATE
  26                  1.0    1.0
  30                  1.0    1.0
  34                  1.0    1.0
  40                  1.0    1.0
  44                  1.0    1.0
  45                  1.0    1.0
  46                  1.0    1.0
  48                  1.0    1.0
  50                  1.0    1.0
  52                  1.0    1.0
  53                  1.0    1.0
  55                  1.0    1.0
  56                  1.0    1.0
  57                  1.0    1.0
  58                  1.0    1.0
  59                  1.0    1.0
  60                  1.0    1.0
  62                  1.0    1.0
  63                 10.0    1.0
  65                 11.0    1.0
  67                  2.0    1.0
  68                  1.0    1.0
  70                  1.0    1.0
  71                  1.0    1.0
  72                  1.0    1.0
  74                  1.0    1.0
  75                  1.0    1.0
  76                  1.0    1.0
  78                  1.0    1.0
  80                  1.0    1.0
  81                  1.0    2.0
  82                  5.0    1.0
  84                  1.0    1.0
  85                 47.0    4.0
  86                  7.0    1.0
  89                  1.0    1.0
  90                  1.0    1.0
  92                  1.0    1.0
  95                  1.0    1.0
  96                  1.0    1.0
  100                 2.0    1.0
  102                 1.0    1.0
  103                 1.0    1.0
  107                 2.0    1.0
  109                 1.0    1.0
  110                 1.0    1.0
  114                 1.0    1.0
  115                 1.0    1.0
  118                 2.0    1.0
  119                 1.0    1.0
  120                 1.0    1.0
  123                 2.0    1.0
  125                 1.0    1.0
  126                 1.0    1.0
  127                 1.0    1.0
  130                 1.0    1.0
  133                 1.0    1.0
  135                 1.0    1.0
  138                 2.0    1.0
  139                 1.0    1.0
  141                 1.0    2.0
  147                 1.0    2.0
  150                 1.0    1.0
  155                 1.0    1.0
  158                 1.0    2.0
  160                 1.0    2.0
  164                 1.0    1.0
  165                 2.0    1.0
  166                 2.0    1.0
  167                 1.0    1.0
  168                 1.0    1.0
  175                 1.0    2.0
  179                 1.0    1.0
  180                 1.0    2.0
  181                 1.0    1.0
  191                 1.0    1.0
  194                 1.0    1.0
  215                 1.0    3.0
  230                 1.0    1.0
  243                 1.0    1.0
  256                 1.0    1.0
  280                 1.0    1.0
  295                 1.0    1.0
  [total]           166.0   95.0

SGOT
  14                  1.0    1.0
  15                  1.0    1.0
  16                 17.0    1.0
  18                  1.0    1.0
  19                 11.0    2.0
  20                 24.0    3.0
  23                  7.0    1.0
  24                  1.0    1.0
  25                  1.0    1.0
  28                  5.0    1.0
  29                  1.0    1.0
  30                  2.0    1.0
  31                  1.0    1.0
  32                  1.0    1.0
  33                  1.0    1.0
  34                  1.0    1.0
  38                  1.0    1.0
  39                  1.0    1.0
  40                  1.0    1.0
  42                  1.0    1.0
  43                  1.0    1.0
  44                  1.0    1.0
  45                  1.0    1.0
  46                  1.0    1.0
  48                  5.0    1.0
  49                  1.0    1.0
  52                  1.0    1.0
  53                  1.0    2.0
  54                  1.0    2.0
  55                 12.0    2.0
  58                  2.0    1.0
  59                  1.0    1.0
  60                  1.0    1.0
  63                  1.0    1.0
  64                  2.0    1.0
  65                  1.0    1.0
  68                  1.0    1.0
  69                  1.0    1.0
  70                  2.0    1.0
  75                  1.0    1.0
  78                  1.0    1.0
  80                  1.0    1.0
  81                  1.0    1.0
  86                  1.0    1.0
  89                  1.0    1.0
  90                  1.0    1.0
  92                  1.0    1.0
  98                  1.0    1.0
  100                 1.0    1.0
  101                 1.0    1.0
  110                 1.0    1.0
  114                 2.0    1.0
  117                 1.0    1.0
  118                 1.0    2.0
  120                 2.0    1.0
  123                 1.0    1.0
  128                 1.0    2.0
  136                 1.0    1.0
  140                 1.0    1.0
  142                 1.0    1.0
  144                 1.0    1.0
  145                 1.0    1.0
  150                 1.0    1.0
  152                 1.0    1.0
  153                 1.0    1.0
  156                 1.0    2.0
  157                 3.0    1.0
  166                 1.0    1.0
  173                 1.0    1.0
  181                 1.0    1.0
  182                 1.0    1.0
  200                 1.0    1.0
  224                 1.0    1.0
  225                 1.0    1.0
  227                 1.0    1.0
  231                 1.0    2.0
  242                 2.0    1.0
  249                 1.0    1.0
  269                 1.0    2.0
  271                 1.0    1.0
  278                 1.0    2.0
  420                 1.0    1.0
  528                 1.0    1.0
  648                 1.0    1.0
  [total]           167.0   96.0

ALBUMIN
  2.1                 1.0    1.0
  2.2                 4.0    1.0
  2.4                 2.0    1.0
  2.6                16.0    1.0
  2.7                 5.0    2.0
  2.8                 6.0    1.0
  2.9                 1.0    3.0
  3                   1.0    2.0
  3.1                 2.0    1.0
  3.3                16.0    1.0
  3.4                 2.0    2.0
  3.5                 8.0    1.0
  3.6                 2.0    1.0
  3.7                 1.0    1.0
  3.8                 1.0    2.0
  3.9                 1.0    4.0
  4                  27.0    2.0
  4.1                 1.0    2.0
  4.2                 5.0    1.0
  4.3                 1.0    2.0
  4.4                 1.0    1.0
  4.5                 1.0    1.0
  4.6                 1.0    1.0
  4.7                 1.0    1.0
  4.8                 1.0    1.0
  4.9                 1.0    1.0
  5                   1.0    1.0
  5.3                 1.0    1.0
  6.4                 1.0    1.0
  [total]           112.0   41.0

PROTIME
  0                   1.0    1.0
  21                  1.0    1.0
  23                  1.0    2.0
  29                  1.0    2.0
  30                  8.0    1.0
  31                  9.0    1.0
  32                  1.0    1.0
  35                  5.0    1.0
  36                  1.0    2.0
  38                  2.0    1.0
  39                  1.0    1.0
  40                  1.0    1.0
  41                  1.0    1.0
  42                  2.0    1.0
  43                  1.0    1.0
  46                  1.0    1.0
  47                  1.0    1.0
  48                  1.0    2.0
  50                  2.0    1.0
  51                  1.0    2.0
  52                  1.0    1.0
  54                  1.0    1.0
  56                  1.0    1.0
  57                  1.0    1.0
  58                  1.0    2.0
  60                  1.0    1.0
  62                  1.0    1.0
  63                  1.0    2.0
  64                  1.0    1.0
  66                  1.0    1.0
  67                  1.0    1.0
  70                  1.0    1.0
  72                  1.0    1.0
  73                  2.0    1.0
  74                  1.0    2.0
  75                  1.0    1.0
  76                  1.0    1.0
  77                  1.0    1.0
  78                  1.0    1.0
  80                  1.0    1.0
  84                  1.0    1.0
  85                  1.0    1.0
  90                  1.0    1.0
  100                61.0    5.0
  [total]           127.0   56.0

HISTOLOGY
  no                 14.0    4.0
  yes                71.0   10.0
  [total]            85.0   14.0



Leaf number: 10 Naive Bayes Classifier

                   Class
Attribute            DIE   LIVE
                  (0.12) (0.88)
================================
AGE
  7                   1.0    1.0
  20                  1.0    1.0
  22                  1.0    2.0
  23                  1.0    1.0
  24                  1.0    1.0
  25                  1.0    2.0
  26                  1.0    1.0
  27                  1.0    1.0
  28                  1.0    1.0
  30                  1.0    2.0
  31                  1.0    2.0
  32                  1.0    3.0
  33                  1.0    1.0
  34                  1.0    2.0
  35                  1.0    1.0
  36                  1.0    1.0
  37                  1.0    1.0
  38                  1.0    3.0
  39                  2.0    2.0
  40                  1.0    3.0
  41                  1.0    3.0
  42                  2.0    1.0
  43                  1.0    1.0
  44                  1.0    1.0
  45                  1.0    2.0
  46                  1.0    1.0
  47                  1.0    2.0
  48                  1.0    1.0
  49                  1.0    2.0
  50                  1.0    1.0
  51                  1.0    2.0
  52                  1.0    2.0
  53                  1.0    1.0
  54                  1.0    2.0
  56                  1.0    1.0
  57                  1.0    1.0
  58                  1.0    1.0
  59                  1.0    1.0
  60                  1.0    1.0
  61                  1.0    1.0
  62                  1.0    1.0
  64                  1.0    2.0
  65                  1.0    1.0
  66                  1.0    1.0
  67                  1.0    1.0
  69                  1.0    1.0
  70                  1.0    1.0
  72                  1.0    2.0
  78                  1.0    1.0
  [total]            51.0   71.0

SEX
  male                1.0    5.0
  female              3.0   19.0
  [total]             4.0   24.0

STEROID
  no                  3.0   12.0
  yes                 1.0   12.0
  [total]             4.0   24.0

ANTIVIRALS
  no                  1.0    1.0
  yes                 3.0   23.0
  [total]             4.0   24.0

FATIGUE
  no                  1.0   11.0
  yes                 3.0   13.0
  [total]             4.0   24.0

MALAISE
  no                  1.0   16.0
  yes                 3.0    8.0
  [total]             4.0   24.0

ANOREXIA
  no                  3.0   19.0
  yes                 1.0    5.0
  [total]             4.0   24.0

LIVER_BIG
  no                  1.0    6.0
  yes                 3.0   18.0
  [total]             4.0   24.0

LIVER_FIRM
  no                  2.0   12.0
  yes                 2.0   12.0
  [total]             4.0   24.0

SPLEEN_PALPABLE
  no                  3.0   22.0
  yes                 1.0    2.0
  [total]             4.0   24.0

SPIDERS
  no                  2.0   20.0
  yes                 2.0    4.0
  [total]             4.0   24.0

ASCITES
  no                  3.0   23.0
  yes                 1.0    1.0
  [total]             4.0   24.0

VARICES
  no                  3.0   23.0
  yes                 1.0    1.0
  [total]             4.0   24.0

BILIRUBIN
  0.3                 1.0    1.0
  0.4                 1.0    2.0
  0.5                 2.0    1.0
  0.6                 1.0    4.0
  0.7                 1.0    7.0
  0.8                 1.0    1.0
  0.9                 1.0    3.0
  1                   1.0    8.0
  1.1                 1.0    1.0
  1.2                 1.0    2.0
  1.3                 1.0    3.0
  1.4                 1.0    1.0
  1.5                 1.0    1.0
  1.6                 1.0    1.0
  1.7                 1.0    1.0
  1.8                 1.0    1.0
  1.9                 1.0    1.0
  2                   1.0    1.0
  2.2                 1.0    1.0
  2.3                 2.0    1.0
  2.4                 1.0    1.0
  2.5                 1.0    1.0
  2.8                 1.0    1.0
  2.9                 1.0    1.0
  3                   1.0    1.0
  3.2                 1.0    1.0
  3.5                 1.0    1.0
  3.9                 1.0    1.0
  4.1                 1.0    1.0
  4.2                 1.0    1.0
  4.6                 1.0    1.0
  4.8                 1.0    1.0
  7.6                 1.0    1.0
  8                   1.0    1.0
  [total]            36.0   56.0

ALK_PHOSPHATE
  26                  1.0    1.0
  30                  1.0    2.0
  34                  1.0    1.0
  40                  1.0    2.0
  44                  1.0    1.0
  45                  1.0    2.0
  46                  1.0    2.0
  48                  1.0    2.0
  50                  1.0    1.0
  52                  1.0    2.0
  53                  1.0    1.0
  55                  1.0    2.0
  56                  1.0    1.0
  57                  1.0    1.0
  58                  1.0    1.0
  59                  1.0    2.0
  60                  1.0    1.0
  62                  2.0    1.0
  63                  1.0    1.0
  65                  1.0    1.0
  67                  1.0    1.0
  68                  1.0    1.0
  70                  1.0    2.0
  71                  1.0    1.0
  72                  1.0    1.0
  74                  1.0    1.0
  75                  1.0    2.0
  76                  1.0    1.0
  78                  1.0    3.0
  80                  1.0    2.0
  81                  1.0    3.0
  82                  1.0    1.0
  84                  1.0    1.0
  85                  1.0    5.0
  86                  1.0    1.0
  89                  1.0    1.0
  90                  1.0    1.0
  92                  1.0    1.0
  95                  1.0    1.0
  96                  1.0    1.0
  100                 1.0    1.0
  102                 1.0    1.0
  103                 1.0    1.0
  107                 1.0    1.0
  109                 1.0    1.0
  110                 1.0    1.0
  114                 1.0    1.0
  115                 1.0    2.0
  118                 1.0    1.0
  119                 1.0    1.0
  120                 1.0    1.0
  123                 1.0    1.0
  125                 1.0    2.0
  126                 1.0    1.0
  127                 1.0    1.0
  130                 1.0    1.0
  133                 1.0    1.0
  135                 1.0    1.0
  138                 1.0    1.0
  139                 1.0    1.0
  141                 1.0    1.0
  147                 1.0    1.0
  150                 1.0    1.0
  155                 1.0    2.0
  158                 1.0    1.0
  160                 1.0    1.0
  164                 1.0    1.0
  165                 1.0    1.0
  166                 1.0    1.0
  167                 1.0    1.0
  168                 1.0    1.0
  175                 1.0    1.0
  179                 1.0    1.0
  180                 1.0    1.0
  181                 1.0    1.0
  191                 1.0    1.0
  194                 1.0    1.0
  215                 1.0    1.0
  230                 1.0    1.0
  243                 1.0    1.0
  256                 1.0    1.0
  280                 2.0    1.0
  295                 1.0    1.0
  [total]            85.0  105.0

SGOT
  14                  1.0    1.0
  15                  1.0    1.0
  16                  1.0    1.0
  18                  1.0    2.0
  19                  1.0    1.0
  20                  1.0    2.0
  23                  1.0    1.0
  24                  1.0    2.0
  25                  1.0    1.0
  28                  1.0    2.0
  29                  1.0    1.0
  30                  1.0    2.0
  31                  1.0    2.0
  32                  1.0    1.0
  33                  1.0    1.0
  34                  1.0    1.0
  38                  1.0    3.0
  39                  1.0    1.0
  40                  1.0    1.0
  42                  1.0    1.0
  43                  1.0    1.0
  44                  1.0    2.0
  45                  1.0    2.0
  46                  1.0    1.0
  48                  1.0    2.0
  49                  1.0    1.0
  52                  1.0    3.0
  53                  1.0    2.0
  54                  1.0    1.0
  55                  1.0    2.0
  58                  1.0    2.0
  59                  1.0    1.0
  60                  1.0    3.0
  63                  1.0    1.0
  64                  1.0    1.0
  65                  1.0    2.0
  68                  2.0    1.0
  69                  1.0    2.0
  70                  1.0    1.0
  75                  1.0    1.0
  78                  1.0    1.0
  80                  1.0    1.0
  81                  1.0    1.0
  86                  1.0    1.0
  89                  1.0    1.0
  90                  1.0    1.0
  92                  1.0    1.0
  98                  2.0    1.0
  100                 1.0    1.0
  101                 1.0    1.0
  110                 1.0    1.0
  114                 1.0    1.0
  117                 1.0    1.0
  118                 1.0    1.0
  120                 1.0    1.0
  123                 1.0    1.0
  128                 1.0    1.0
  136                 1.0    1.0
  140                 1.0    1.0
  142                 1.0    1.0
  144                 1.0    1.0
  145                 1.0    1.0
  150                 1.0    1.0
  152                 1.0    1.0
  153                 1.0    1.0
  156                 1.0    1.0
  157                 1.0    1.0
  166                 1.0    1.0
  173                 1.0    1.0
  181                 1.0    1.0
  182                 1.0    1.0
  200                 1.0    1.0
  224                 1.0    1.0
  225                 1.0    2.0
  227                 1.0    1.0
  231                 1.0    1.0
  242                 1.0    1.0
  249                 1.0    2.0
  269                 1.0    1.0
  271                 1.0    1.0
  278                 1.0    1.0
  420                 1.0    1.0
  528                 1.0    1.0
  648                 1.0    1.0
  [total]            86.0  106.0

ALBUMIN
  2.1                 1.0    1.0
  2.2                 1.0    1.0
  2.4                 1.0    1.0
  2.6                 1.0    1.0
  2.7                 1.0    1.0
  2.8                 1.0    1.0
  2.9                 1.0    1.0
  3                   1.0    1.0
  3.1                 1.0    1.0
  3.3                 1.0    1.0
  3.4                 1.0    2.0
  3.5                 1.0    1.0
  3.6                 1.0    2.0
  3.7                 1.0    3.0
  3.8                 3.0    1.0
  3.9                 1.0    3.0
  4                   1.0    6.0
  4.1                 1.0    2.0
  4.2                 1.0    6.0
  4.3                 1.0    3.0
  4.4                 1.0    2.0
  4.5                 1.0    1.0
  4.6                 1.0    2.0
  4.7                 1.0    1.0
  4.8                 1.0    1.0
  4.9                 1.0    1.0
  5                   1.0    2.0
  5.3                 1.0    1.0
  6.4                 1.0    1.0
  [total]            31.0   51.0

PROTIME
  0                   1.0    1.0
  21                  1.0    2.0
  23                  1.0    1.0
  29                  2.0    1.0
  30                  1.0    1.0
  31                  1.0    1.0
  32                  1.0    1.0
  35                  1.0    1.0
  36                  1.0    1.0
  38                  1.0    1.0
  39                  1.0    1.0
  40                  2.0    1.0
  41                  1.0    1.0
  42                  1.0    1.0
  43                  1.0    1.0
  46                  1.0    1.0
  47                  1.0    1.0
  48                  1.0    1.0
  50                  1.0    2.0
  51                  1.0    1.0
  52                  1.0    4.0
  54                  1.0    2.0
  56                  1.0    2.0
  57                  1.0    1.0
  58                  1.0    1.0
  60                  1.0    1.0
  62                  1.0    2.0
  63                  1.0    1.0
  64                  1.0    2.0
  66                  1.0    1.0
  67                  1.0    3.0
  70                  1.0    2.0
  72                  1.0    1.0
  73                  1.0    1.0
  74                  1.0    3.0
  75                  1.0    1.0
  76                  1.0    2.0
  77                  1.0    2.0
  78                  1.0    1.0
  80                  1.0    2.0
  84                  1.0    1.0
  85                  1.0    3.0
  90                  1.0    1.0
  100                 1.0    4.0
  [total]            46.0   66.0

HISTOLOGY
  no                  2.0   19.0
  yes                 2.0    5.0
  [total]             4.0   24.0




Number of Leaves  : 	6

Size of the tree : 	11


Time taken to build model: 0.78 seconds

=== Stratified cross-validation ===
=== Summary ===

Correctly Classified Instances         222               90.2439 %
Incorrectly Classified Instances        24                9.7561 %
Kappa statistic                          0.8049
Mean absolute error                      0.1044
Root mean squared error                  0.2817
Relative absolute error                 20.8868 %
Root relative squared error             56.343  %
Total Number of Instances              246     

=== Detailed Accuracy By Class ===

                 TP Rate  FP Rate  Precision  Recall   F-Measure  MCC      ROC Area  PRC Area  Class
                 0.935    0.130    0.878      0.935    0.906      0.807    0.973     0.972     DIE
                 0.870    0.065    0.930      0.870    0.899      0.807    0.973     0.975     LIVE
Weighted Avg.    0.902    0.098    0.904      0.902    0.902      0.807    0.973     0.973     

=== Confusion Matrix ===

   a   b   <-- classified as
 115   8 |   a = DIE
  16 107 |   b = LIVE

