=== Run information ===

Scheme:       weka.clusterers.EM -I 100 -N -1 -X 10 -max -1 -ll-cv 1.0E-6 -ll-iter 1.0E-6 -M 1.0E-6 -K 10 -num-slots 1 -S 100
Relation:     hepatitis-weka.filters.unsupervised.attribute.Remove-R20-weka.filters.unsupervised.attribute.ReplaceMissingValues-weka.filters.unsupervised.attribute.NumericToNominal-Rfirst-last
Instances:    155
Attributes:   19
              AGE
              SEX
              STEROID
              ANTIVIRALS
              FATIGUE
              MALAISE
              ANOREXIA
              LIVER_BIG
              LIVER_FIRM
              SPLEEN_PALPABLE
              SPIDERS
              ASCITES
              VARICES
              BILIRUBIN
              ALK_PHOSPHATE
              SGOT
              ALBUMIN
              PROTIME
              HISTOLOGY
Test mode:    evaluate on training data


=== Clustering model (full training set) ===


EM
==

Number of clusters selected by cross validation: 5
Number of iterations performed: 12


                   Cluster
Attribute                0        1        2        3        4
                    (0.15)   (0.17)   (0.14)   (0.44)    (0.1)
===============================================================
AGE
  7                  1.0009        1        1   1.9991        1
  20                 1.0001   1.0088   1.9913        2   1.9999
  22                 1.0005   1.0001        1   2.9993        1
  23                 1.0002   1.0257   2.9716   3.0023   1.0002
  24                 1.0001   1.0395        1   2.9604        1
  25                 1.0222   1.0001        1   2.9996   1.9782
  26                 1.9946   1.0005        1   1.0049        1
  27                  1.033   2.9548    1.003   2.0107   1.9984
  28                  1.995   1.0099   3.0181   2.9767   1.0004
  30                 1.9835   1.0035   1.9939   6.0209   1.9982
  31                 1.0001   2.0063   1.0087   3.9848   1.0001
  32                 2.0001   1.9881   2.0064   2.0051   1.0003
  33                 1.0003   1.9988    1.001   2.9999   1.0001
  34                 1.9856   1.0546   1.0018   5.9465   3.0115
  35                 1.0003   2.0006        1   1.9983   1.0007
  36                 1.0054   1.0077   1.9958   5.9944   1.9966
  37                 1.8746   2.0693   1.0114    4.044   1.0006
  38                 2.9866   1.0019   4.9877   3.0132   1.0106
  39                 2.7671   1.0062   1.0007   5.2258   1.0002
  40                 1.0147   1.0007   1.9976   2.9859   1.0011
  41                 2.6807    1.005   1.9963   1.2597   1.0584
  42                 1.0009   2.9894   1.0103   3.9977   1.0017
  43                 1.0003   1.9984   1.0001   1.0002    1.001
  44                 1.0117   3.0016   1.0013   2.9889   1.9964
  45                 1.0112   3.9532   2.0081   2.0267   1.0009
  46                      1    1.001   1.9989        1   1.0001
  47                 2.9851   1.0052   1.0265   2.9672   1.0159
  48                 1.0039   1.0014    1.983        1   2.0117
  49                  1.001   3.0044   1.9915   1.0021   1.0011
  50                 2.0602   1.0094        1   4.9374    1.993
  51                 1.9982   3.0071   1.9954   1.9292   2.0701
  52                      1   1.0045        1   3.9955        1
  53                 1.0001   1.9957        1        1   1.0042
  54                 2.8804   3.0026   1.0002   2.1164   1.0005
  56                 1.0001   1.0005   1.0098   2.9995   1.9902
  57                 1.0001   1.9994   2.0001        1   1.0004
  58                 2.9753   1.0006   1.0001   1.0005   1.0235
  59                 1.0006   1.0036        1        1   1.9957
  60                 1.0014   1.0145        1   1.0033   1.9807
  61                 1.9975   1.9995   1.0004   1.0031   1.9995
  62                 1.9716    1.883   1.0011   1.1169   1.0274
  64                 1.9978        1   1.0005   1.0016   1.0001
  65                 1.0028   1.0012   1.0037        1   1.9923
  66                 1.0001   1.0008        1   1.9991        1
  67                      1   1.9972   1.0009   1.0018        1
  69                  1.002   1.5455   1.0001   1.4524   1.0001
  70                      1   1.0105   1.9894        1        1
  72                 1.9975   1.0001   1.0001   1.0023        1
  78                      1        1        1        2        1
  [total]           72.2454  75.6128  70.0065 116.9736  65.1617
SEX
  male                4.975   4.5372   2.0046   5.4612   4.0221
  female            20.2704  24.0756   21.002  64.5124  14.1396
  [total]           25.2454  28.6128  23.0065  69.9736  18.1617
STEROID
  no                 8.6942  24.9811  10.0251  24.3289  12.9707
  yes               16.5512   3.6317  12.9814  45.6447    5.191
  [total]           25.2454  28.6128  23.0065  69.9736  18.1617
ANTIVIRALS
  no                17.7266  24.6201  18.0119   58.482  17.1595
  yes                7.5188   3.9927   4.9947  11.4915   1.0023
  [total]           25.2454  28.6128  23.0065  69.9736  18.1617
FATIGUE
  no                 6.7517   1.0136   1.0005  49.1784   1.0558
  yes               18.4937  27.5992   22.006  20.7951  17.1059
  [total]           25.2454  28.6128  23.0065  69.9736  18.1617
MALAISE
  no                18.3023   7.7146   1.0026  67.8433   4.1372
  yes                 6.943  20.8982  22.0039   2.1303  14.0246
  [total]           25.2454  28.6128  23.0065  69.9736  18.1617
ANOREXIA
  no                24.2379  22.5769   1.0735  68.9644  11.1473
  yes                1.0074   6.0359   21.933   1.0092   7.0144
  [total]           25.2454  28.6128  23.0065  69.9736  18.1617
LIVER_BIG
  no                 7.6866    1.033   3.0151   6.2485  12.0169
  yes               17.5588  27.5798  19.9915  63.7251   6.1449
  [total]           25.2454  28.6128  23.0065  69.9736  18.1617
LIVER_FIRM
  no                 1.0466     25.6  14.0051  58.3363    1.012
  yes               24.1988   3.0128   9.0014  11.6372  17.1498
  [total]           25.2454  28.6128  23.0065  69.9736  18.1617
SPLEEN_PALPABLE
  no                20.2608  16.6298  20.9919  62.9992   9.1183
  yes                4.9846   11.983   2.0146   6.9744   9.0434
  [total]           25.2454  28.6128  23.0065  69.9736  18.1617
SPIDERS
  no                14.4029  18.4765   11.025  64.0818   1.0138
  yes               10.8424  10.1363  11.9815   5.8917   17.148
  [total]           25.2454  28.6128  23.0065  69.9736  18.1617
ASCITES
  no                21.2655  21.5919  14.0105   68.973  14.1591
  yes                3.9799   7.0209    8.996   1.0006   4.0027
  [total]           25.2454  28.6128  23.0065  69.9736  18.1617
VARICES
  no                 18.338  24.6021  17.9817  68.0011  13.0771
  yes                6.9074   4.0107   5.0249   1.9725   5.0846
  [total]           25.2454  28.6128  23.0065  69.9736  18.1617
BILIRUBIN
  0.3                1.0028   1.0012   1.0037        1   1.9923
  0.4                1.9821   1.0003        1   2.0176        1
  0.5                1.9955   1.9981   1.0013   1.0049   1.0002
  0.6                1.8927   1.0117   3.9854   7.1067   1.0035
  0.7                1.0124   2.0099   3.0147  19.9635   1.9994
  0.8                1.0396   3.9971   1.9979   4.9225   3.0428
  0.9                1.7619   2.0974   1.9918  10.1575   1.9913
  1                   7.966   4.9242   3.9977  16.0603   1.0518
  1.1                1.0003   1.0015        1   1.9982        1
  1.2                1.0145    3.984   1.9937   4.0004   2.0075
  1.3                3.7629   1.0131   1.9881   2.2293   2.0067
  1.4                1.9978   1.9999   1.0001   1.0001   1.0022
  1.427517           1.0015   3.0627   1.0006   3.9533   1.9819
  1.5                1.0009   4.0019    1.001   3.9957   2.0006
  1.6                1.9998   1.9986   1.9997   1.0009   1.0009
  1.7                1.9777    1.011   2.0132        1   1.9981
  1.8                1.9937   1.0011   1.0049   1.0001   1.0002
  1.9                     1   1.0074   1.9925        1   1.0001
  2                  2.0093   1.0034    2.982   1.9683    1.037
  2.2                1.9788   1.0001   1.0001   1.0209   1.0001
  2.3                 1.993   1.9908   1.0164   1.0002   1.9996
  2.4                1.0322     1.96        1   1.0065   1.0012
  2.5                1.0001        1   1.9934        1   1.0065
  2.8                2.0011   1.0018   1.0002   1.0001   1.9969
  2.9                     1   1.0001   1.0097        1   1.9902
  3                   1.001   1.0029   1.0001        1    1.996
  3.2                1.8846   1.5483   1.0001   1.5665   1.0005
  3.5                     1   1.0009   1.9988        1   1.0003
  3.9                     1   1.9999        1        1        1
  4.1                     1    1.001   1.9989        1        1
  4.2                1.9408   1.0007   1.0001   1.0001   1.0583
  4.6                1.0002    2.989    1.012   1.9999   1.9989
  4.8                1.0019   1.0008   1.0006        1   1.9967
  7.6                     1    1.001   1.9989        1   1.0001
  8                       1   1.9912   1.0087        1   1.0001
  [total]           58.2454  61.6128  56.0065 102.9736  51.1617
ALK_PHOSPHATE
  26                      1        1        1        2        1
  30                 1.0048        1        1   1.9952        1
  34                 1.0002        1        1   1.9997        1
  40                 1.0013   1.0002   1.9975        1   1.0011
  44                 1.0008   1.0005   1.9986        1   1.0001
  45                 1.0003   1.0001        1   1.9996        1
  46                 1.0002        1        1   2.9998        1
  48                 1.0005   1.0001        1   1.9994        1
  50                      1        1        1   1.9999        1
  52                 1.0001        1        1   1.9999        1
  53                      1        1        1        2        1
  55                 1.0023   1.9871   1.0075   1.0031        1
  56                      1   1.0001        1   1.9999        1
  57                 1.9788   1.0001   1.0001   1.0209   1.0001
  58                 1.0003   1.0014        1   1.9983        1
  59                 1.9977   1.0002   1.0001    1.002        1
  60                      1        1        1   1.9999        1
  62                 1.0116   1.9981   1.0014   3.9887   1.0002
  63                 1.0001   1.9987    1.001   1.0001   1.0001
  65                 1.9408   1.0007   1.0001   1.0001   1.0583
  67                 1.0003   1.0006   1.0001    1.999        1
  68                 1.0001    1.998   1.0011   1.0007        1
  70                 1.0051        1   1.0015    1.995   1.9984
  71                      1   1.0003        1   1.9997        1
  72                 1.9769    1.001   1.9994   1.0044   1.0183
  74                 1.0005   1.0068   1.0162   1.9765        1
  75                  1.001   1.0161   1.0002   2.9847   1.9979
  76                 1.0009    1.007   2.9893   1.0014   1.0014
  78                 2.7732   1.9878   1.0013   1.2368   1.0009
  80                 2.8719   1.0018   1.0005   1.1254   1.0004
  81                 1.7511   2.9689   1.9963   1.2788    1.005
  82                 1.0001   1.9984   1.0012        2   1.0004
  84                 1.0298   1.0018   1.0004   1.9678   1.0002
  85                 1.9384   4.0062   1.9903  14.0634   1.0017
  86                 1.9776   1.0004   1.0192        1   1.0027
  89                      1        1        1        2        1
  90                      1   1.0001   1.0097        1   1.9902
  92                      1   1.9883   1.0112   1.0004        1
  95                 1.0007   1.9946   1.0004   2.0043   1.0001
  96                      1        1        1        2        1
  100                1.0003   1.9984   1.0001   3.0002    1.001
  102                1.0001   1.0008        1   2.9991        1
  103                1.0002   1.9963   1.0014    1.002        1
  105.325397          1.998   7.0785   6.9988   15.868   2.0568
  107                1.0006   1.0036        1        1   1.9957
  109                     1   1.0105   1.9894        1        1
  110                     1        1        1   1.9999        1
  114                 1.001   1.0029   1.0001        1    1.996
  115                1.9975   1.0001   1.0001   1.0023        1
  118                     1   1.0007   1.9909        1   1.0084
  119                 1.002   1.5455   1.0001   1.4524   1.0001
  120                     1   1.9999        1        2        1
  123                1.0019   1.0008   1.0006        1   1.9967
  125                     1   1.0002   1.9998        1        1
  126                1.0106    1.001        1   1.9882   1.0002
  127                1.0038   1.0012   1.0001   1.0001   1.9948
  130                1.9989   1.0001        1   1.0002   1.0008
  133                1.0001   1.0002   1.0025        1   1.9972
  135                 1.996   2.0088        1    1.995   1.0002
  138                     1   1.9992        1   1.0001   1.0007
  139                1.0003        1        1   1.9997        1
  141                1.9717   1.0019   1.0007   1.9983   1.0274
  147                1.0045   1.0033   1.0004   1.0002   1.9916
  150                1.0001   1.0002   1.0003        1   1.9995
  155                2.9948   1.0006        1   1.0025   1.0021
  158                 1.002   1.0007   1.9824        1    1.015
  160                     1   1.0086    1.991        1   1.0004
  164                1.0043   1.0001        1   1.9946   1.0009
  165                1.0001        1   1.9934        1   1.0065
  166                1.9777   1.0024   1.0069        1    1.013
  167                1.9775   1.0002   1.0001   1.0005   1.0217
  168                1.0322     1.96        1   1.0065   1.0012
  175                1.9977   1.0004        1   1.0001   1.0017
  179                     1   1.9972   1.0009   1.0018        1
  180                1.0028   1.0012   1.0037        1   1.9923
  181                1.0218        1        1        1   1.9782
  191                1.9937   1.0011   1.0049   1.0001   1.0002
  194                1.0001   1.0122   1.9874   1.0001   1.0002
  215                1.0001   1.0019   2.0006        1   1.9974
  230                1.0092   1.0001        1        1   1.9907
  243                1.9818   1.0002        1    1.018        1
  256                1.0009        1        1   1.9991        1
  280                 1.993   1.0062   1.0006   1.0001   1.0002
  295                1.0001        1   1.0045        1   1.9953
  [total]          107.2454 110.6128 105.0065 151.9736 100.1617
SGOT
  14                      1   1.0134   1.9842   2.0024        1
  15                 1.0002        1        1   1.9997        1
  16                 1.0001   1.0008   1.9909   1.9999   1.0084
  18                 1.0012   1.0004   1.9977   3.9993   1.0014
  19                 1.0004   2.9941   1.0001   1.0002   1.0052
  20                   2.94   1.0184    2.018   4.0037   2.0199
  23                 1.0298   1.0018   1.0004   1.9678   1.0002
  24                 1.0049        1   1.0015   2.9952   1.9984
  25                 1.9974   1.0004        1   2.0012   1.0009
  28                  1.888   2.0034   1.0001   4.1081   1.0004
  29                 1.9946   1.0005        1   1.0049        1
  30                 2.7508    1.003   1.0069   4.2263    1.013
  31                 1.0027   1.0001        1   3.9971        1
  32                      1        1        1        2        1
  33                 1.0334   1.0003        1   2.9131   1.0532
  34                 1.0001   1.0395        1   2.9604        1
  38                 1.9979        1   1.0005   3.0015   1.0001
  39                      1        1        1        2        1
  40                 1.0014   1.0168        1   2.0011   1.9807
  42                 1.0014   1.0086        1   2.9899   1.0001
  43                 1.0002   1.9963   1.0014    1.002        1
  44                 1.0044   1.0002        1   3.9945   1.0009
  45                  1.003   1.9931   1.9988   1.0048   1.0004
  46                 1.9776   1.9948   1.0006   1.0087   1.0184
  48                 1.0018   1.0097   2.9889   1.9989   1.0006
  49                 1.9818   1.0002        1    1.018        1
  52                 1.9975   1.0001   1.0001   2.0023        1
  53                 1.0031   1.0055   1.9998   1.9992   1.9923
  54                      1   1.0009   1.9988        1   1.0003
  55                 1.9978   3.9881   1.0102   2.0002   1.0037
  58                 1.0039   2.9866   1.0013   2.0076   1.0007
  59                      1   1.9883   1.0112   1.0004        1
  60                 1.7399   1.8839   1.0051   4.3758   1.9953
  63                      1        1        1   1.9999        1
  64                 1.0001        1   1.9934        2   1.0065
  65                  1.012    1.972        2   1.0192   1.9968
  68                 1.0011   2.9958   1.0028   1.0007   1.9997
  69                 1.0013   2.0013   1.9984   1.9979   1.0011
  70                      1   1.9994   1.0001        1   1.0004
  75                 2.0496   1.9946   1.0001   2.9535   1.0023
  78                      1        1        1   1.9999        1
  80                 1.8742   2.0005    1.001   1.1239   1.0004
  81                 1.0003        1        1   1.9997        1
  85.89404                1   3.0476   1.0006   2.9506   1.0012
  86                      1        1        1        2        1
  89                      1   1.0008   1.9992        1        1
  90                 1.0002        1        1   1.9998        1
  92                 1.0003   2.0012   1.0002   1.9983        1
  98                 1.9931   1.0064   1.0031   1.0001   1.9974
  100                     1        1        1        2        1
  101                     1   1.9912   1.0087        1   1.0001
  110                1.0005   1.0068   1.0162   1.9765        1
  114                     1   1.0074   1.9925        1   1.0001
  117                1.0092   1.0001        1        1   1.9907
  118                     1   1.0086    1.991        1   1.0004
  120                1.9409   1.0007   1.0001        2   1.0583
  123                1.0008   1.0005   1.9986        1   1.0001
  128                1.0045   1.0033   1.0004   1.0002   1.9916
  136                 1.002   1.5455   1.0001   1.4524   1.0001
  140                1.9989   1.0001        1   1.0002   1.0008
  142                1.0106    1.001        1   1.9882   1.0002
  144                1.9788   1.0001   1.0001   1.0209   1.0001
  145                     1        1        1   1.9999        1
  150                1.0001   1.0122   1.9874   1.0001   1.0002
  152                     1        1        1        2        1
  153                     1   1.0001   1.0097        1   1.9902
  156                1.9715   1.0004   1.0007        1   1.0274
  157                1.0025   1.0044   1.0006        1   2.9924
  166                1.0107   1.0004   1.0001   1.9888        1
  173                1.0001   1.0151        1   1.9847        1
  181                1.0218        1        1        1   1.9782
  182                1.0038   1.0012   1.0001   1.0001   1.9948
  200                     1        1        1        2        1
  224                     1        1        1        2        1
  225                1.9975        1        1   1.0024        1
  227                1.0322     1.96        1   1.0065   1.0012
  231                1.0003   1.0786   1.0001   1.9208   1.0002
  242                1.9775   1.0012    1.999   1.0005   1.0218
  249                1.9977   1.0002   1.0001    1.002        1
  269                1.0001    1.001   1.0018        1   1.9971
  271                     1   1.0069   1.9916   1.0014        1
  278                 1.002   1.0007   1.9824        1    1.015
  420                1.9937   1.0011   1.0049   1.0001   1.0002
  528                     1   1.0105   1.9894        1        1
  648                     1   1.9844   1.0155   1.0001        1
  [total]          108.2454 111.6128 106.0065 152.9736 101.1617
ALBUMIN
  2.1                1.9776   1.0004   1.0192        1   1.0027
  2.2                     1   1.9912   1.0087        1   1.0001
  2.4                1.9973    1.008   1.9925        1   1.0021
  2.6                1.9777   2.0026   2.0059   1.0001   1.0137
  2.7                1.9998   1.0012   1.0052   1.0001   2.9937
  2.8                1.0001   1.0112   3.9737        1   1.0149
  2.9                1.0029   2.0116   2.9948   1.9979   1.9928
  3                  2.0044   3.9431   1.0013   2.0299   1.0213
  3.1                1.0046   2.9983   1.0002   1.9949    1.002
  3.3                2.9716   2.9917   2.0141   1.9988   1.0238
  3.4                2.9476   1.0017   1.9989   1.0024   2.0493
  3.5                2.0015   4.0072   1.0018   1.9922   1.9973
  3.6                1.9981   1.0037        1   1.0024   1.9957
  3.7                1.9986   2.0069   1.9912   1.0027   1.0007
  3.8                 6.726   3.0047   1.9848   1.2673   1.0172
  3.817266           1.0074   8.4591   1.0279   7.5285   2.9771
  3.9                2.7161   1.0057   1.0032   4.2594   4.0156
  4                   1.072   1.0094   3.9981  21.9295    1.991
  4.1                1.0038   3.0356   1.9991   2.9637   3.9978
  4.2                 1.038   1.0181   2.9978  11.9448   1.0013
  4.3                2.0094   1.0821   1.0006   6.9076   1.0004
  4.4                2.7524   1.0143   3.0058   6.2077   1.0197
  4.5                1.0554   1.0002   1.0001    3.913   2.0314
  4.6                1.0038   1.9875   1.0012   2.0074        1
  4.7                     1        1        1   1.9999        1
  4.8                     1   1.0134   1.9842   1.0024        1
  4.9                1.9788   1.0001   1.0001   2.0209   1.0001
  5                  1.0002   1.0035   1.9961   1.0002        1
  5.3                     1        1        1        2        1
  6.4                     1        1        1        2        1
  [total]           53.2454  56.6128  51.0065  97.9736  46.1617
PROTIME
  0                  1.0002        1        1   1.9998        1
  21                      1        1        1        2        1
  23                      1   1.0086    1.991        1   1.0004
  29                 1.0009   1.9985   2.0001        1   1.0005
  30                 1.0001   1.9984   1.0012        1   1.0004
  31                 1.9797   2.0019   1.0085   1.0001   2.0097
  32                 1.9973   1.0006        1        1    1.002
  35                      1     2.01   1.9895        1   1.0005
  36                 1.9977   1.0004        1   1.0001   1.0017
  38                 1.0006   1.0036        1        1   1.9957
  39                 1.0001   1.0002   1.0025        1   1.9972
  40                  1.993   1.0062   1.0006   1.0001   1.0002
  41                 1.0136   1.9999        1   1.9947   1.9918
  42                 1.0003   1.9984   1.0001   1.0002    1.001
  43                      1   1.9999        1        1        1
  46                 2.9721   1.0028    3.022   1.0001    1.003
  47                      1        1        1   1.9999        1
  48                 1.0001   1.9957        1        1   1.0042
  50                 1.9975   1.0011   1.9989   1.0023   1.0001
  51                 1.0001    1.001   1.0018        1   1.9971
  52                 1.7435   1.9882   1.0013    2.267        1
  54                  1.998   1.0154   1.0001   2.9864        1
  56                 2.0012   1.9872   1.0075   1.0034   1.0008
  57                 1.9994   1.0062   1.9915    1.006   1.9968
  58                 1.9715   1.0004   1.0007        1   1.0274
  60                 1.9948   1.0005        1   2.0047        1
  61.852273          4.7476  13.5948   9.0028  36.5309   8.1239
  62                 1.0053        1        1   2.9947        1
  63                 1.9717   1.0157   1.0003    1.993   1.0193
  64                 1.0005   1.0001        1   1.9994        1
  66                 1.0623   3.9579    1.002   1.9764   1.0014
  67                 1.9988   1.0002   1.9975   1.0025   1.0011
  70                 1.0004   1.0001        1   2.9996        1
  72                  1.052   1.0001        1   1.9477   1.0002
  73                 1.0003   1.0025    1.999   1.9983        1
  74                 2.0009   1.0047   2.0002   2.0017   1.9924
  75                      1        1        1        2        1
  76                 1.0048        1        1   1.9952        1
  77                      1   1.0002   1.9998        1        1
  78                 1.9788   1.0001   1.0001   1.0209   1.0001
  80                      1        1        1        2        1
  84                 1.0008        1   1.9977        1   1.0014
  85                  1.773   1.0001        1    4.227        1
  90                 1.9819   1.0124   1.9874   2.0181   1.0002
  100                2.0045   1.9988   1.0024   8.0033    2.991
  [total]           68.2454  71.6128  66.0065 112.9736  61.1617
HISTOLOGY
  no                14.3201  11.9307  11.9874   47.695   4.0667
  yes               10.9252  16.6821  11.0191  22.2785   14.095
  [total]           25.2454  28.6128  23.0065  69.9736  18.1617


Time taken to build model (full training data) : 0.53 seconds

=== Model and evaluation on training set ===

Clustered Instances

0       24 ( 15%)
1       26 ( 17%)
2       21 ( 14%)
3       68 ( 44%)
4       16 ( 10%)


Log likelihood: -25.30537

