=== Run information ===

Scheme:       weka.clusterers.EM -I 100 -N -1 -X 10 -max 2 -ll-cv 1.0E-6 -ll-iter 1.0E-6 -M 1.0E-6 -K 10 -num-slots 1 -S 100
Relation:     hepatitis-weka.filters.unsupervised.attribute.Remove-R20-weka.filters.unsupervised.attribute.ReplaceMissingValues-weka.filters.unsupervised.attribute.NumericToNominal-Rfirst-last
Instances:    155
Attributes:   19
              AGE
              SEX
              STEROID
              ANTIVIRALS
              FATIGUE
              MALAISE
              ANOREXIA
              LIVER_BIG
              LIVER_FIRM
              SPLEEN_PALPABLE
              SPIDERS
              ASCITES
              VARICES
              BILIRUBIN
              ALK_PHOSPHATE
              SGOT
              ALBUMIN
              PROTIME
              HISTOLOGY
Test mode:    evaluate on training data


=== Clustering model (full training set) ===


EM
==

Number of clusters selected by cross validation: 2
Number of iterations performed: 10


                   Cluster
Attribute                0        1
                    (0.47)   (0.53)
====================================
AGE
  7                  1.0001   1.9999
  20                 3.0001   1.9999
  22                 1.0002   2.9998
  23                 2.9903   3.0097
  24                 1.0121   2.9879
  25                      2        3
  26                 1.0002   1.9998
  27                 3.6368   2.3632
  28                  4.041    2.959
  30                 2.9976   7.0024
  31                  2.003    3.997
  32                 2.9717   3.0283
  33                 1.9989   3.0011
  34                 3.9441   6.0559
  35                      2        2
  36                 2.9975   6.0025
  37                 2.0155   4.9845
  38                 5.9909   4.0091
  39                  1.975    6.025
  40                 2.0009   2.9991
  41                 2.9941   2.0059
  42                 2.9959   4.0041
  43                 1.9997   1.0003
  44                 3.9935   3.0065
  45                 4.8115   2.1885
  46                      2        1
  47                 3.0792   2.9208
  48                      3        1
  49                 3.9921   1.0079
  50                 3.0096   4.9904
  51                 5.0164   2.9836
  52                 1.0024   3.9976
  53                      2        1
  54                  3.004    3.996
  56                 2.0005   2.9995
  57                      3        1
  58                 2.9969   1.0031
  59                      2        1
  60                 1.9889   1.0111
  61                 3.0023   1.9977
  62                 2.2819   1.7181
  64                 1.0057   1.9943
  65                      2        1
  66                 1.0008   1.9992
  67                 1.9843   1.0157
  69                 1.0041   1.9959
  70                      2        1
  72                 1.0065   1.9935
  78                 1.0001   1.9999
  [total]          121.7464 131.2536
SEX
  male               10.811    7.189
  female            63.9354  77.0646
  [total]           74.7464  84.2536
STEROID
  no                45.5957  32.4043
  yes               29.1507  51.8493
  [total]           74.7464  84.2536
ANTIVIRALS
  no                66.7909  66.2091
  yes                7.9555  18.0445
  [total]           74.7464  84.2536
FATIGUE
  no                 2.1026  53.8974
  yes               72.6438  30.3562
  [total]           74.7464  84.2536
MALAISE
  no                17.0702  78.9298
  yes               57.6762   5.3238
  [total]           74.7464  84.2536
ANOREXIA
  no                41.7926  83.2074
  yes               32.9538   1.0462
  [total]           74.7464  84.2536
LIVER_BIG
  no                15.9566  11.0434
  yes               58.7898  73.2102
  [total]           74.7464  84.2536
LIVER_FIRM
  no                35.8693  61.1307
  yes               38.8771  23.1229
  [total]           74.7464  84.2536
SPLEEN_PALPABLE
  no                49.9545  77.0455
  yes               24.7919   7.2081
  [total]           74.7464  84.2536
SPIDERS
  no                29.7344  76.2656
  yes                45.012    7.988
  [total]           74.7464  84.2536
ASCITES
  no                 53.752   83.248
  yes               20.9944   1.0056
  [total]           74.7464  84.2536
VARICES
  no                56.6799  82.3201
  yes               18.0665   1.9335
  [total]           74.7464  84.2536
BILIRUBIN
  0.3                     2        1
  0.4                1.0005   2.9995
  0.5                1.9948   2.0052
  0.6                4.0033   7.9967
  0.7                5.0356  19.9644
  0.8                6.6688   5.3312
  0.9                4.0184  10.9816
  1                  9.0503  21.9497
  1.1                1.0014   1.9986
  1.2                5.9743   4.0257
  1.3                 4.008    3.992
  1.4                2.9983   1.0017
  1.427517           4.0005   3.9995
  1.5                4.9872   4.0128
  1.6                3.9845   1.0155
  1.7                     4        1
  1.8                1.9989   1.0011
  1.9                     2        1
  2                  4.0777   1.9223
  2.2                1.0006   1.9994
  2.3                 3.972    1.028
  2.4                1.9628   1.0372
  2.5                     2        1
  2.8                 2.999    1.001
  2.9                     2        1
  3                       2        1
  3.2                1.0105   2.9895
  3.5                     2        1
  3.9                1.9998   1.0002
  4.1                     2        1
  4.2                1.9995   1.0005
  4.6                4.0001   1.9999
  4.8                     2        1
  7.6                     2        1
  8                  1.9999   1.0001
  [total]          107.7464 117.2536
ALK_PHOSPHATE
  26                      1        2
  30                      1        2
  34                      1        2
  40                 1.9969   1.0031
  44                 1.9999   1.0001
  45                      1        2
  46                      1        3
  48                 1.0002   1.9998
  50                 1.0002   1.9998
  52                      1        2
  53                      1        2
  55                 1.9471   1.0529
  56                 1.0001   1.9999
  57                 1.0006   1.9994
  58                 1.0005   1.9995
  59                 1.0246   1.9754
  60                      1        2
  62                 1.9976   4.0024
  63                 1.9989   1.0011
  65                 1.9995   1.0005
  67                 1.0025   1.9975
  68                 1.9924   1.0076
  70                 1.9997   2.0003
  71                 1.0005   1.9995
  72                 2.9223   1.0777
  74                 1.0423   1.9577
  75                 2.0026   2.9974
  76                   2.99     1.01
  78                 1.0234   3.9766
  80                 1.0071   2.9929
  81                 3.9674   2.0326
  82                      2        2
  84                 1.0791   1.9209
  85                 4.8467  15.1533
  86                      2        1
  89                 1.0001   1.9999
  90                      2        1
  92                 1.9961   1.0039
  95                  1.674    2.326
  96                 1.0001   1.9999
  100                1.9997   3.0003
  102                1.0008   2.9992
  103                1.9924   1.0076
  105.325397        14.3197  16.6803
  107                     2        1
  109                     2        1
  110                     1        2
  114                     2        1
  115                1.0065   1.9935
  118                     2        1
  119                1.0041   1.9959
  120                1.9998   2.0002
  123                     2        1
  125                1.9985   1.0015
  126                1.0023   1.9977
  127                1.9992   1.0008
  130                1.9921   1.0079
  133                     2        1
  135                2.0096   2.9904
  138                1.9995   1.0005
  139                     1        2
  141                1.9992   2.0008
  147                1.9968   1.0032
  150                     2        1
  155                2.0008   1.9992
  158                     2        1
  160                     2        1
  164                1.0009   1.9991
  165                     2        1
  166                     2        1
  167                1.9986   1.0014
  168                1.9628   1.0372
  175                1.9983   1.0017
  179                1.9843   1.0157
  180                     2        1
  181                     2        1
  191                1.9989   1.0011
  194                1.9995   1.0005
  215                     3        1
  230                 1.997    1.003
  243                1.0005   1.9995
  256                1.0001   1.9999
  280                1.9721   1.0279
  295                     2        1
  [total]          156.7464 166.2536
SGOT
  14                 1.9905   2.0095
  15                      1        2
  16                 2.0001   1.9999
  18                 2.0002   3.9998
  19                 2.9996   1.0004
  20                 4.9969   4.0031
  23                 1.0791   1.9209
  24                 1.9997   3.0003
  25                 1.0108   2.9892
  28                 2.0087   4.9913
  29                 1.0002   1.9998
  30                 2.0004   4.9996
  31                 1.0011   3.9989
  32                 1.0001   1.9999
  33                 1.0196   2.9804
  34                 1.0121   2.9879
  38                 1.0058   3.9942
  39                      1        2
  40                 1.9902   2.0098
  42                 1.0107   2.9893
  43                 1.9924   1.0076
  44                 1.0009   3.9991
  45                 2.9423   1.0577
  46                 2.5963   1.4037
  48                 3.0025   1.9975
  49                 1.0005   1.9995
  52                 1.0065   2.9935
  53                 2.9924   2.0076
  54                      2        1
  55                  4.997    2.003
  58                 2.0122   2.9878
  59                 1.9961   1.0039
  60                 2.2873   5.7127
  63                      1        2
  64                      2        2
  65                 3.9713   1.0287
  68                  3.987    1.013
  69                 2.9833   2.0167
  70                      2        1
  75                 2.8422   3.1578
  78                 1.0002   1.9998
  80                 2.0003   1.9997
  81                      1        2
  85.89404           3.0116   2.9884
  86                 1.0001   1.9999
  89                      2        1
  90                      1        2
  92                 1.9973   2.0027
  98                 2.9721   1.0279
  100                     1        2
  101                1.9999   1.0001
  110                1.0423   1.9577
  114                     2        1
  117                 1.997    1.003
  118                     2        1
  120                1.9995   2.0005
  123                1.9999   1.0001
  128                1.9968   1.0032
  136                1.0041   1.9959
  140                1.9921   1.0079
  142                1.0023   1.9977
  144                1.0006   1.9994
  145                     1        2
  150                1.9995   1.0005
  152                1.0001   1.9999
  153                     2        1
  156                1.9977   1.0023
  157                     3        1
  166                 1.003    1.997
  173                1.0032   1.9968
  181                     2        1
  182                1.9992   1.0008
  200                     1        2
  224                     1        2
  225                 1.001    1.999
  227                1.9628   1.0372
  231                1.0155   1.9845
  242                2.9986   1.0014
  249                1.0246   1.9754
  269                     2        1
  271                1.9903   1.0097
  278                     2        1
  420                1.9989   1.0011
  528                     2        1
  648                1.9998   1.0002
  [total]          157.7464 167.2536
ALBUMIN
  2.1                     2        1
  2.2                1.9999   1.0001
  2.4                2.9998   1.0002
  2.6                3.9995   1.0005
  2.7                3.9983   1.0017
  2.8                     4        1
  2.9                4.9864   2.0136
  3                   4.932    2.068
  3.1                2.9973   2.0027
  3.3                 5.999    2.001
  3.4                4.0029   1.9971
  3.5                 5.995    2.005
  3.6                 2.001    1.999
  3.7                3.0167   1.9833
  3.8                4.6598   6.3402
  3.817266            9.123    8.877
  3.9                4.9976   5.0024
  4                  5.0019  21.9981
  4.1                6.9579   3.0421
  4.2                3.0806  11.9194
  4.3                1.0249   7.9751
  4.4                3.9579   7.0421
  4.5                2.0195   3.9805
  4.6                1.0127   2.9873
  4.7                     1        2
  4.8                1.9905   1.0095
  4.9                1.0006   2.9994
  5                  1.9916   1.0084
  5.3                     1        2
  6.4                     1        2
  [total]          102.7464 112.2536
PROTIME
  0                       1        2
  21                      1        2
  23                      2        1
  29                 2.9946   1.0054
  30                      2        1
  31                 3.9989   1.0011
  32                 1.9998   1.0002
  35                      3        1
  36                 1.9983   1.0017
  38                      2        1
  39                      2        1
  40                 1.9721   1.0279
  41                 2.9966   2.0034
  42                 1.9997   1.0003
  43                 1.9998   1.0002
  46                 4.9988   1.0012
  47                      1        2
  48                      2        1
  50                 2.0065   1.9935
  51                      2        1
  52                 1.0157   3.9843
  54                 1.0278   3.9722
  56                 2.9393   1.0607
  57                 3.9175   1.0825
  58                 1.9977   1.0023
  60                 1.0002   2.9998
  61.852273         29.1718  39.8282
  62                 1.0001   2.9999
  63                 2.0004   1.9996
  64                 1.0002   1.9998
  66                 4.0311   1.9689
  67                 1.9979   2.0021
  70                      1        3
  72                 1.0021   1.9979
  73                 2.0005   1.9995
  74                 2.9975   3.0025
  75                      1        2
  76                      1        2
  77                 1.9985   1.0015
  78                 1.0006   1.9994
  80                      1        2
  84                 1.9997   1.0003
  85                 1.0001   4.9999
  90                 2.0001   2.9999
  100                3.6827   9.3173
  [total]          117.7464 127.2536
HISTOLOGY
  no                 29.679   57.321
  yes               45.0674  26.9326
  [total]           74.7464  84.2536


Time taken to build model (full training data) : 0.05 seconds

=== Model and evaluation on training set ===

Clustered Instances

0       73 ( 47%)
1       82 ( 53%)


Log likelihood: -26.04196

