=== Run information ===

Scheme:       weka.clusterers.EM -I 100 -N 3 -X 10 -max -1 -ll-cv 1.0E-6 -ll-iter 1.0E-6 -M 1.0E-6 -K 10 -num-slots 1 -S 100
Relation:     hepatitis-weka.filters.unsupervised.attribute.ReplaceMissingValues-weka.filters.unsupervised.attribute.NumericToNominal-Rfirst-last
Instances:    155
Attributes:   20
              AGE
              SEX
              STEROID
              ANTIVIRALS
              FATIGUE
              MALAISE
              ANOREXIA
              LIVER_BIG
              LIVER_FIRM
              SPLEEN_PALPABLE
              SPIDERS
              ASCITES
              VARICES
              BILIRUBIN
              ALK_PHOSPHATE
              SGOT
              ALBUMIN
              PROTIME
              HISTOLOGY
              Class
Test mode:    evaluate on training data


=== Clustering model (full training set) ===


EM
==

Number of clusters: 3
Number of iterations performed: 12


                   Cluster
Attribute                0        1        2
                    (0.24)   (0.25)   (0.51)
=============================================
AGE
  7                       1        1   1.9999
  20                 1.9639   2.0361        2
  22                      1   1.0004   2.9996
  23                  1.001   2.9987   3.0003
  24                 1.0002   1.0068   2.9931
  25                      2        1        3
  26                      1   1.0001   1.9999
  27                 2.0092   2.9077   2.0832
  28                 1.0231   4.9389    2.038
  30                 2.9906   1.0082   7.0012
  31                 1.0014   2.0004   3.9982
  32                 1.9897    2.017   2.9933
  33                 1.0021   1.9979        3
  34                 3.0542   1.0528    6.893
  35                 1.9964   1.0043   1.9993
  36                 2.0004   1.9986    6.001
  37                  1.003   2.0257   4.9713
  38                 3.0019   4.0014   3.9967
  39                 1.0002   2.0016   5.9983
  40                 1.0002   2.0017   2.9981
  41                 2.0001   2.0003   1.9996
  42                 2.0033   1.9967   3.9999
  43                 1.9996   1.0004        1
  44                 2.9726   2.0273   3.0001
  45                 1.0556   4.1793   2.7651
  46                 1.9991   1.0009        1
  47                 3.9982   1.0016   2.0003
  48                 2.9649   1.0351        1
  49                 1.0154   3.9843   1.0002
  50                  3.001   1.0008   4.9982
  51                 3.1012   3.9239   1.9749
  52                      1    1.001   3.9989
  53                 1.9999   1.0001        1
  54                 1.0035   2.9969   3.9996
  56                   1.99   1.0112   2.9989
  57                 2.0076   1.9924        1
  58                 2.9986   1.0004    1.001
  59                 1.9995   1.0005        1
  60                  1.969   1.0037   1.0272
  61                 2.0228   1.9792    1.998
  62                 1.9886   2.0044    1.007
  64                 1.0003   1.0419   1.9578
  65                 1.9937   1.0063        1
  66                      1   1.0005   1.9995
  67                 1.0003   1.9981   1.0016
  69                 1.0005   1.0033   1.9962
  70                 1.0011   1.9989        1
  72                 1.0005    1.001   1.9985
  78                      1   1.0003   1.9997
  [total]           86.1243   87.189 128.6867
SEX
  male               6.9442   5.0183   7.0376
  female            32.1801  35.1708  74.6491
  [total]           39.1243   40.189  81.6867
STEROID
  no                19.0908  28.1342   31.775
  yes               20.0335  12.0548  49.9117
  [total]           39.1243   40.189  81.6867
ANTIVIRALS
  no                38.1176  31.1614   64.721
  yes                1.0067   9.0277  16.9656
  [total]           39.1243   40.189  81.6867
FATIGUE
  no                 3.0469   1.0052  52.9479
  yes               36.0774  39.1838  28.7387
  [total]           39.1243   40.189  81.6867
MALAISE
  no                14.1835   3.2243  79.5922
  yes               24.9408  36.9647   2.0944
  [total]           39.1243   40.189  81.6867
ANOREXIA
  no                26.1033  19.2153  80.6814
  yes               13.0211  20.9737   1.0052
  [total]           39.1243   40.189  81.6867
LIVER_BIG
  no                12.9669   3.1928  11.8403
  yes               26.1574  36.9962  69.8464
  [total]           39.1243   40.189  81.6867
LIVER_FIRM
  no                10.1777  30.7487  57.0736
  yes               28.9466   9.4404   24.613
  [total]           39.1243   40.189  81.6867
SPLEEN_PALPABLE
  no                21.1313  32.9758  73.8929
  yes               17.9931   7.2132   7.7938
  [total]           39.1243   40.189  81.6867
SPIDERS
  no                 4.0553  29.1155  73.8291
  yes                35.069  11.0735   7.8575
  [total]           39.1243   40.189  81.6867
ASCITES
  no                26.0636  31.2503  80.6861
  yes               13.0607   8.9387   1.0005
  [total]           39.1243   40.189  81.6867
VARICES
  no                 20.152  39.1647  80.6833
  yes               18.9724   1.0243   1.0034
  [total]           39.1243   40.189  81.6867
BILIRUBIN
  0.3                1.9937   1.0063        1
  0.4                1.0022   1.0025   2.9953
  0.5                1.0045   1.9955   1.9999
  0.6                 1.003   4.0229    7.974
  0.7                1.9992   4.9661  19.0348
  0.8                3.0167   4.9997   4.9837
  0.9                2.9946   2.0127  10.9928
  1                  3.0955   7.9964  20.9081
  1.1                1.0002   1.0002   1.9996
  1.2                4.0076   2.2668   4.7256
  1.3                  2.99   2.0127   3.9973
  1.4                 2.014    1.985    1.001
  1.427517           2.0684   2.9136   4.0179
  1.5                3.9961   2.0032   4.0007
  1.6                1.9991   2.9991   1.0019
  1.7                2.9996   2.0004        1
  1.8                1.0024   1.9974   1.0003
  1.9                1.0347   1.9653        1
  2                  3.9645    2.035   1.0005
  2.2                1.0002   1.0002   1.9996
  2.3                1.9584   3.0415   1.0001
  2.4                1.0215   1.9204   1.0581
  2.5                1.9999   1.0001        1
  2.8                2.9899     1.01   1.0001
  2.9                1.9899   1.0101        1
  3                  1.9795   1.0204   1.0001
  3.2                1.0006   1.0038   2.9956
  3.5                 1.989    1.011        1
  3.9                1.0027   1.9973        1
  4.1                1.0126   1.9874        1
  4.2                     2        1        1
  4.6                3.9937   1.0064   1.9999
  4.8                     2        1        1
  7.6                1.9991   1.0009        1
  8                  1.0012   1.9988        1
  [total]           72.1243   73.189 114.6867
ALK_PHOSPHATE
  26                      1        1        2
  30                      1        1        2
  34                      1   1.0002   1.9998
  40                 1.0002   1.9994   1.0004
  44                 1.0001   1.9999        1
  45                      1        1        2
  46                      1        1        3
  48                      1   1.0004   1.9996
  50                      1   1.0002   1.9998
  52                      1        1        2
  53                      1        1        2
  55                      1   1.9982   1.0017
  56                      1   1.0001   1.9999
  57                 1.0002   1.0002   1.9996
  58                      1   1.0007   1.9993
  59                 1.0006   1.0078   1.9916
  60                      1        1        2
  62                 1.0045   1.9976   3.9979
  63                 1.0021   1.9979        1
  65                      2        1        1
  67                 1.0013   1.0227    1.976
  68                 1.0002    1.999   1.0008
  70                 1.9964   1.0034   2.0002
  71                      1   1.0011   1.9989
  72                 1.0679   2.0287   1.9033
  74                      1   1.9623   1.0376
  75                 1.9814   1.0196    2.999
  76                 1.0016   2.9978   1.0006
  78                  1.001   1.9859   3.0131
  80                 1.0004   1.0422   2.9574
  81                 2.0206    2.252   2.7273
  82                  1.995    1.005        2
  84                 1.9994   1.0001   1.0005
  85                 1.0174   4.9471  15.0355
  86                 1.9988   1.0012        1
  89                      1        1        2
  90                 1.9899   1.0101        1
  92                      1   1.9998   1.0001
  95                 1.0002   1.9747   2.0251
  96                      1   1.0003   1.9997
  100                1.9996   1.0004        3
  102                     1   1.0005   2.9994
  103                1.0001   1.9997   1.0002
  105.325397         5.1805  10.8499  15.9696
  107                1.9995   1.0005        1
  109                1.0011   1.9989        1
  110                     1        1        2
  114                1.9795   1.0204   1.0001
  115                1.0005    1.001   1.9985
  118                1.9991   1.0009        1
  119                1.0005   1.0033   1.9962
  120                1.0027   1.9973        2
  123                     2        1        1
  125                1.0002   1.9996   1.0002
  126                1.0006   1.0002   1.9992
  127                1.9899     1.01   1.0001
  130                1.9988   1.0001   1.0011
  133                1.9875   1.0125        1
  135                1.9926   1.0085   2.9989
  138                1.9963   1.0036        1
  139                     1        1        2
  141                1.9883   1.0115   2.0002
  147                1.9905   1.0077   1.0018
  150                1.9581   1.0419        1
  155                     2   1.0001   1.9999
  158                1.9649   1.0351        1
  160                1.0058   1.9942        1
  164                1.0003        1   1.9997
  165                1.9999   1.0001        1
  166                1.9999   1.0001        1
  167                1.9999        1        1
  168                1.0215   1.9204   1.0581
  175                1.9987   1.0004    1.001
  179                1.0003   1.9981   1.0016
  180                1.9937   1.0063        1
  181                     2        1        1
  191                1.0024   1.9974   1.0003
  194                1.0009    1.999   1.0001
  215                 2.989    1.011        1
  230                1.9996        1   1.0004
  243                1.0022   1.0025   1.9953
  256                     1        1   1.9999
  280                1.0001   1.9997   1.0001
  295                1.9996   1.0004        1
  [total]          121.1243  122.189 163.6867
SGOT
  14                 1.0001   1.9995   2.0004
  15                      1   1.0002   1.9998
  16                 1.9991    1.001   1.9999
  18                 1.0014   1.9995    3.999
  19                 2.9995   1.0005        1
  20                 3.9985   1.9993   4.0022
  23                 1.9994   1.0001   1.0005
  24                 1.9964   1.0034   3.0002
  25                  1.001   1.0024   2.9966
  28                 1.0041   2.0206   4.9754
  29                      1   1.0001   1.9999
  30                 1.9999   1.0004   4.9997
  31                      1   1.0002   3.9998
  32                      1   1.0003   1.9997
  33                 1.0446   1.0002   2.9553
  34                 1.0002   1.0068    2.993
  38                 1.0003   1.0419   3.9578
  39                      1        1        2
  40                 1.9691   1.0038   2.0271
  42                 1.0003   1.0007   2.9989
  43                 1.0001   1.9997   1.0002
  44                 1.0003        1   3.9997
  45                 1.0003   2.9962   1.0034
  46                 1.0679   2.0037   1.9284
  48                 1.0126    2.989   1.9983
  49                 1.0022   1.0025   1.9953
  52                 1.0005    1.001   2.9985
  53                 1.9937   2.0064   1.9999
  54                  1.989    1.011        1
  55                 4.9846   1.0143    2.001
  58                 1.9963   1.9871   2.0165
  59                      1   1.9998   1.0001
  60                 2.0002   1.9945   5.0054
  63                      1        1        2
  64                 1.9999   1.0001        2
  65                 2.0004   2.2717   1.7279
  68                 1.9628   3.0363   1.0009
  69                 1.0005   2.9983   2.0012
  70                 1.0153   1.9847        1
  75                 2.0014   1.9626    3.036
  78                      1   1.0002   1.9998
  80                 1.0022   1.9982   1.9996
  81                      1        1        2
  85.89404           1.0994   2.9098   2.9908
  86                      1        1        2
  89                 1.0002   1.9998        1
  90                      1        1        2
  92                 1.0007   1.9996   1.9997
  98                 1.9877   2.0122   1.0001
  100                     1        1        2
  101                1.0012   1.9988        1
  110                     1   1.9623   1.0376
  114                1.0347   1.9653        1
  117                1.9996        1   1.0004
  118                1.0058   1.9942        1
  120                     2        1        2
  123                1.0001   1.9999        1
  128                1.9905   1.0077   1.0018
  136                1.0005   1.0033   1.9962
  140                1.9988   1.0001   1.0011
  142                1.0006   1.0002   1.9992
  144                1.0002   1.0002   1.9996
  145                     1        1        2
  150                1.0009    1.999   1.0001
  152                     1        1        2
  153                1.9899   1.0101        1
  156                1.9881   1.0113   1.0006
  157                2.9995   1.0005        1
  166                     1   1.0022   1.9978
  173                1.0001   1.0016   1.9982
  181                     2        1        1
  182                1.9899     1.01   1.0001
  200                     1        1        2
  224                     1        1        2
  225                     1   1.0001   1.9998
  227                1.0215   1.9204   1.0581
  231                1.0016   1.0029   1.9956
  242                2.9991   1.0009        1
  249                1.0006   1.0078   1.9916
  269                     2        1        1
  271                1.0001   1.9994   1.0005
  278                1.9649   1.0351        1
  420                1.0024   1.9974   1.0003
  528                1.0011   1.9989        1
  648                1.0001   1.9999        1
  [total]          122.1243  123.189 164.6867
ALBUMIN
  2.1                1.9988   1.0012        1
  2.2                1.0012   1.9988        1
  2.4                2.0347   1.9653        1
  2.6                3.0088   1.9912        1
  2.7                3.9983   1.0008    1.001
  2.8                3.0001   1.9999        1
  2.9                1.9999   3.9993   2.0008
  3                   2.042   3.1705   2.7875
  3.1                2.0005   1.9994   2.0001
  3.3                4.9954   2.0047   1.9999
  3.4                3.9891    1.012   1.9989
  3.5                2.9968   4.0029   2.0003
  3.6                1.9995   1.0006   1.9998
  3.7                1.0009   3.0067   1.9924
  3.8                1.9732   4.0107   6.0161
  3.817266            4.052   6.8901    8.058
  3.9                4.9367   1.0617   5.0016
  4                  2.0121   3.9904  21.9975
  4.1                4.9663   3.0379   2.9958
  4.2                2.0013   3.0241  10.9746
  4.3                1.0025   1.0461   7.9514
  4.4                1.0693   3.9919   6.9387
  4.5                2.0446   1.0001   3.9553
  4.6                     1   1.9835   2.0164
  4.7                     1        1        2
  4.8                1.0001   1.9995   1.0005
  4.9                1.0002   1.0002   2.9996
  5                  1.0001   1.9995   1.0005
  5.3                     1        1        2
  6.4                     1        1        2
  [total]           67.1243   68.189 109.6867
PROTIME
  0                       1        1        2
  21                      1        1        2
  23                 1.0058   1.9942        1
  29                 1.9935   2.0064   1.0001
  30                  1.995    1.005        1
  31                  3.002    1.998        1
  32                      2        1        1
  35                 1.0165   2.9835        1
  36                 1.9987   1.0004    1.001
  38                 1.9995   1.0005        1
  39                 1.9875   1.0125        1
  40                 1.0001   1.9997   1.0001
  41                 2.9921   1.0077   2.0002
  42                 1.9996   1.0004        1
  43                 1.0027   1.9973        1
  46                 2.0015   3.9983   1.0003
  47                      1        1        2
  48                 1.9999   1.0001        1
  50                 1.9996   1.0018   1.9985
  51                      2        1        1
  52                 1.0001   1.9842   3.0157
  54                 1.0008   1.0096   3.9896
  56                 1.9988   1.9984   1.0028
  57                 2.0681   2.0269    1.905
  58                 1.9881   1.0113   1.0006
  60                      1   1.0001   2.9998
  61.852273         15.0541  16.2055  38.7404
  62                      1        1        3
  63                 1.9978   1.0026   1.9996
  64                      1   1.0004   1.9996
  66                 2.0216   3.9192   1.0592
  67                 1.0002   1.9995   2.0003
  70                      1        1        3
  72                 1.0011        1   1.9989
  73                 1.0126   1.9881   1.9993
  74                  1.994   2.0479   2.9581
  75                      1        1        2
  76                      1        1        2
  77                 1.0002   1.9996   1.0002
  78                 1.0002   1.0002   1.9996
  80                      1        1        2
  84                 1.0014   1.9984   1.0001
  85                      1        1   4.9999
  90                 1.0032   2.0014   2.9954
  100                2.9881   1.9895   9.0224
  [total]           82.1243   83.189 124.6867
HISTOLOGY
  no                 8.0813  24.2537  55.6651
  yes               31.0431  15.9354  26.0216
  [total]           39.1243   40.189  81.6867
Class
  DIE               19.1353  12.8847     2.98
  LIVE              19.9891  27.3043  78.7066
  [total]           39.1243   40.189  81.6867


Time taken to build model (full training data) : 0.15 seconds

=== Model and evaluation on training set ===

Clustered Instances

0       37 ( 24%)
1       38 ( 25%)
2       80 ( 52%)


Log likelihood: -25.94404

