=== Run information ===

Scheme:       weka.clusterers.EM -I 100 -N -1 -X 10 -max 4 -ll-cv 1.0E-6 -ll-iter 1.0E-6 -M 1.0E-6 -K 10 -num-slots 1 -S 100
Relation:     hepatitis-weka.filters.unsupervised.attribute.Remove-R20-weka.filters.unsupervised.attribute.ReplaceMissingValues-weka.filters.unsupervised.attribute.NumericToNominal-Rfirst-last
Instances:    155
Attributes:   19
              AGE
              SEX
              STEROID
              ANTIVIRALS
              FATIGUE
              MALAISE
              ANOREXIA
              LIVER_BIG
              LIVER_FIRM
              SPLEEN_PALPABLE
              SPIDERS
              ASCITES
              VARICES
              BILIRUBIN
              ALK_PHOSPHATE
              SGOT
              ALBUMIN
              PROTIME
              HISTOLOGY
Test mode:    evaluate on training data


=== Clustering model (full training set) ===


EM
==

Number of clusters selected by cross validation: 4
Number of iterations performed: 16


                   Cluster
Attribute                0        1        2        3
                     (0.2)   (0.19)   (0.48)   (0.14)
======================================================
AGE
  7                  1.0007        1   1.9993        1
  20                 1.9976   1.0041        2   1.9983
  22                      1   1.0007   2.9993        1
  23                 1.0002   2.9999   2.9997   1.0002
  24                 1.0002   1.0039   2.9955   1.0004
  25                 1.9962        1        3   1.0038
  26                  1.001   1.0007   1.9983        1
  27                 2.9683        2   2.0275   1.0043
  28                 1.0026   4.0218   2.0161   1.9594
  30                 1.9997   1.0029   6.9966   2.0008
  31                 1.0003   1.9946   3.9991    1.006
  32                 1.9571   3.0104   2.0299   1.0026
  33                      1   1.0033   3.0001   1.9966
  34                  3.997   1.0201   5.9828   1.0001
  35                 1.0001   1.0006   1.9995   1.9998
  36                 2.0145    1.991    5.992   1.0026
  37                 1.0152   2.0032   4.9807   1.0009
  38                 2.9861   3.0039   3.9975   2.0125
  39                 1.0082   1.9966   5.9952        1
  40                 1.9967    1.007   2.9962        1
  41                 1.9995   2.0028   1.9931   1.0047
  42                 1.0019   2.0165   4.0001   1.9815
  43                      1        1        1        2
  44                 2.0069     2.98   2.9958   1.0173
  45                 1.0693   3.0053   2.9252   2.0002
  46                      1   1.0001        1   1.9999
  47                 1.0111    1.001   2.9377   3.0502
  48                 1.9636   1.0256        1   2.0109
  49                 1.0197   3.0781   1.0003   1.9019
  50                 2.0061   1.0012   4.9942   1.9985
  51                 3.8789   3.9919   1.0612    1.068
  52                      1   1.0004   3.9995   1.0001
  53                 1.0058   1.0016   1.0002   1.9925
  54                 1.9844   1.0021   3.0156   2.9979
  56                 1.9987   1.0016   2.9991   1.0006
  57                      1   1.0097        1   2.9902
  58                 2.9981   1.0005   1.0006   1.0009
  59                 1.9575   1.0013        1   1.0411
  60                 1.9958   1.0002   1.0037   1.0002
  61                   2.91   1.9928   1.0934   1.0039
  62                 1.9947     1.98   1.0251   1.0001
  64                  1.977   1.0103   1.0127        1
  65                 1.0005   1.0001        1   1.9993
  66                      1   1.0004   1.9996        1
  67                 1.0001    1.999   1.0007   1.0002
  69                 1.0002   1.0041   1.9955   1.0001
  70                 1.0001   1.9826        1   1.0174
  72                 1.9477   1.0027   1.0491   1.0006
  78                      1   1.0003   1.9997        1
  [total]           79.6692  78.1568 123.1074  70.0665
SEX
  male               5.9997   4.9925   7.0132   1.9946
  female            26.6695  26.1643  69.0942  21.0719
  [total]           32.6692  31.1568  76.1074  23.0665
STEROID
  no                17.8966  21.0545  29.0508  11.9981
  yes               14.7726  10.1024  47.0566  11.0684
  [total]           32.6692  31.1568  76.1074  23.0665
ANTIVIRALS
  no                26.7943  23.1462  62.9956  22.0639
  yes                5.8749   8.0107  13.1118   1.0026
  [total]           32.6692  31.1568  76.1074  23.0665
FATIGUE
  no                 3.9522   1.0035  51.9869   1.0575
  yes               28.7171  30.1534  24.1205   22.009
  [total]           32.6692  31.1568  76.1074  23.0665
MALAISE
  no                15.7848   2.0819  75.0235   5.1099
  yes               16.8845  29.0749   1.0839  17.9567
  [total]           32.6692  31.1568  76.1074  23.0665
ANOREXIA
  no                22.7221  15.1069  75.1021  14.0689
  yes                9.9472  16.0499   1.0053   8.9976
  [total]           32.6692  31.1568  76.1074  23.0665
LIVER_BIG
  no                 19.787   1.0393   7.1654   1.0083
  yes               12.8822  30.1175   68.942  22.0583
  [total]           32.6692  31.1568  76.1074  23.0665
LIVER_FIRM
  no                 1.0374  25.0676  57.9732  14.9218
  yes               31.6319   6.0892  18.1342   8.1447
  [total]           32.6692  31.1568  76.1074  23.0665
SPLEEN_PALPABLE
  no                 21.698  25.0651  68.1847  14.0521
  yes               10.9712   6.0917   7.9227   9.0144
  [total]           32.6692  31.1568  76.1074  23.0665
SPIDERS
  no                 7.8932  23.9636  70.0927   6.0505
  yes               24.7761   7.1932   6.0147   17.016
  [total]           32.6692  31.1568  76.1074  23.0665
ASCITES
  no                30.6665  29.1029   75.107   4.1236
  yes                2.0027    2.054   1.0004   18.943
  [total]           32.6692  31.1568  76.1074  23.0665
VARICES
  no                25.7305  28.1587  74.1654  12.9454
  yes                6.9387   2.9981    1.942  10.1211
  [total]           32.6692  31.1568  76.1074  23.0665
BILIRUBIN
  0.3                1.0005   1.0001        1   1.9993
  0.4                1.0029   1.0002   2.9969        1
  0.5                1.0018   1.9984   1.9985   1.0013
  0.6                3.0169   2.0015    7.981   1.0006
  0.7                2.0103    3.989  19.0038   1.9969
  0.8                 3.942   4.9977   4.0584   1.0019
  0.9                2.0136   2.9868  10.9818   1.0179
  1                  6.8162   6.0198  16.1622   4.0018
  1.1                     1   1.0001   1.9997   1.0001
  1.2                2.0698   1.0253   4.9044   4.0005
  1.3                3.9014   2.0068   3.0877   1.0041
  1.4                2.0002   1.0974   1.0004    1.902
  1.427517            2.003   3.0007    3.992   1.0043
  1.5                1.9635   2.0024   4.0005   3.0337
  1.6                1.9933   2.9996   1.0013   1.0058
  1.7                1.9976   1.9832        1   2.0192
  1.8                1.0019   1.9975   1.0001   1.0006
  1.9                     1   1.0032        1   1.9967
  2                  2.9728   2.0184   1.9382   1.0705
  2.2                1.0027   1.0005   1.9967   1.0001
  2.3                2.0023    2.997   1.0002   1.0005
  2.4                1.9684    1.003   1.0245   1.0041
  2.5                1.0006        1        1   1.9994
  2.8                2.0003   1.0018   1.0001   1.9978
  2.9                1.9987   1.0007        1   1.0006
  3                  1.9988   1.0008        1   1.0004
  3.2                1.0165   1.0042   2.9791   1.0003
  3.5                1.0019   1.9956        1   1.0025
  3.9                     1   1.0006        1   1.9994
  4.1                     1   1.0096        1   1.9904
  4.2                1.9952   1.0001   1.0001   1.0046
  4.6                1.9748   1.0206   1.9998   3.0048
  4.8                1.0011        1        1   1.9989
  7.6                     1   1.0001        1   1.9999
  8                  1.0001   1.9942        1   1.0057
  [total]           65.6692  64.1568 109.1074  56.0665
ALK_PHOSPHATE
  26                      1        1        2        1
  30                 1.0005        1   1.9995        1
  34                      1   1.0003   1.9997        1
  40                 1.9938   1.0062        1        1
  44                 1.0003   1.9996        1   1.0001
  45                      1        1        2        1
  46                      1        1        3        1
  48                      1   1.0007   1.9993        1
  50                      1   1.0003   1.9997        1
  52                      1        1        2        1
  53                      1        1        2        1
  55                 1.0001   1.9998   1.0001        1
  56                      1   1.0002   1.9998        1
  57                 1.0027   1.0005   1.9967   1.0001
  58                      1   1.0005   1.9994        1
  59                 1.9551    1.015   1.0298   1.0001
  60                      1        1        2        1
  62                 1.0033   1.9985   3.9969   1.0013
  63                      1   1.0033   1.0001   1.9966
  65                 1.9952   1.0001   1.0001   1.0046
  67                 1.0001   1.0005   1.9994        1
  68                 1.0001   1.9998   1.0001        1
  70                 2.0006   1.0002   1.9992   1.0001
  71                      1   1.0008   1.9992        1
  72                 1.9985   1.9926   1.0013   1.0076
  74                      1   1.9838    1.016   1.0001
  75                 1.9996   1.0009   2.9991   1.0004
  76                 1.9881   2.0116   1.0001   1.0002
  78                 1.9106   2.0008   2.0886        1
  80                 1.9914   1.0105    1.998        1
  81                 1.0792   2.0262   2.8992   1.9953
  82                      1   1.0001        2   1.9999
  84                 1.0106   1.0005    1.938   1.0509
  85                 1.0398   3.0613   14.998   2.9008
  86                 1.0004   1.0002        1   1.9994
  89                      1        1        2        1
  90                 1.9987   1.0007        1   1.0006
  92                      1        2        1        1
  95                 1.0008   1.9962    2.003        1
  96                      1   1.0003   1.9997        1
  100                     1        1        3        2
  102                     1   1.0004   2.9995        1
  103                1.0002   1.9992   1.0003   1.0004
  105.325397         3.9162     8.04  15.0631   5.9807
  107                1.9575   1.0013        1   1.0411
  109                1.0001   1.9826        1   1.0174
  110                     1        1        2        1
  114                1.9988   1.0008        1   1.0004
  115                1.9477   1.0027   1.0491   1.0006
  118                 1.001   1.0001        1   1.9989
  119                1.0002   1.0041   1.9955   1.0001
  120                     1   1.0006        2   1.9994
  123                1.0011        1        1   1.9989
  125                1.0006   1.9992   1.0001   1.0001
  126                1.0053   1.0004   1.9943   1.0001
  127                1.9981   1.0018        1        1
  130                1.9929   1.0001   1.0013   1.0057
  133                1.9991   1.0008        1   1.0002
  135                1.0043   1.9807   2.9981   1.0168
  138                1.0001   1.0001   1.0001   1.9998
  139                     1        1        2        1
  141                1.9946   1.0054   1.9998   1.0002
  147                1.9965    1.002   1.0002   1.0013
  150                1.9976   1.0024        1        1
  155                1.9703        1   1.0319   1.9978
  158                1.9625   1.0256        1    1.012
  160                     1   1.0017        1   1.9982
  164                1.0082        1   1.9918        1
  165                1.0006        1        1   1.9994
  166                1.0001        1        1   1.9999
  167                1.9997        1   1.0002   1.0001
  168                1.9684    1.003   1.0245   1.0041
  175                1.9983   1.0005   1.0004   1.0008
  179                1.0001    1.999   1.0007   1.0002
  180                1.0005   1.0001        1   1.9993
  181                1.9962        1        1   1.0038
  191                1.0019   1.9975   1.0001   1.0006
  194                1.0001   1.9997        1   1.0002
  215                1.9756   1.9972        1   1.0273
  230                1.9999        1        1        1
  243                1.0029   1.0002   1.9969        1
  256                1.0007        1   1.9993        1
  280                1.0047   1.9951   1.0002        1
  295                1.9971   1.0005        1   1.0024
  [total]          114.6692 113.1568 158.1074 105.0665
SGOT
  14                      1   1.9998   2.0001        1
  15                      1   1.0003   1.9997        1
  16                  1.001   1.0003   1.9998   1.9989
  18                  1.988   1.0127   3.9992   1.0002
  19                 1.0058   1.0016   1.0002   2.9924
  20                 2.9563   1.0422   4.0004   3.0011
  23                 1.0106   1.0005    1.938   1.0509
  24                 2.0003   1.0002   2.9995   1.0001
  25                 1.9078   1.0018   2.0903        1
  28                 1.0172   1.0011   4.9822   1.9995
  29                  1.001   1.0007   1.9983        1
  30                 1.0035   1.0001   4.9965   1.9999
  31                 1.0004   1.0001   3.9995        1
  32                      1   1.0003   1.9997        1
  33                 1.9451        1   2.0548        1
  34                 1.0002   1.0039   2.9955   1.0004
  38                  1.977   1.0103   3.0127        1
  39                      1        1        2        1
  40                 1.9959   1.0003   2.0037   1.0002
  42                 1.0005   1.0011   2.9983        1
  43                 1.0002   1.9992   1.0003   1.0004
  44                 1.0082        1   3.9918        1
  45                 1.0092     2.99   1.0006   1.0002
  46                 1.9993   1.9964   1.0043        1
  48                 1.0178   1.9927   1.9987   1.9907
  49                 1.0029   1.0002   1.9969        1
  52                 1.9477   1.0027   2.0491   1.0006
  53                 1.0006   2.0004   1.9996   1.9994
  54                 1.0019   1.9956        1   1.0025
  55                 2.0022   1.9983   2.0018   2.9977
  58                 1.0001    1.999    2.001   1.9998
  59                      1        2        1        1
  60                 2.0015   1.9784   5.0177   1.0024
  63                      1        1        2        1
  64                 1.0006   1.0001        2   1.9994
  65                 2.0685    2.022   1.9062   1.0033
  68                 1.9985   2.9999   1.0003   1.0013
  69                 1.9939   2.0055   2.0004   1.0003
  70                 1.0019   1.0969        1   1.9012
  75                 1.0058   1.9808   3.0148   1.9987
  78                      1   1.0003   1.9997        1
  80                 1.0145   1.0035   1.9854   1.9966
  81                      1        1        2        1
  85.89404           1.0071   3.0003   2.9884   1.0041
  86                      1        1        2        1
  89                      1   1.9924        1   1.0076
  90                      1        1        2        1
  92                      1    1.002   1.9996   1.9984
  98                 2.0037   1.9959   1.0002   1.0002
  100                     1        1        2        1
  101                1.0001   1.9942        1   1.0057
  110                     1   1.9838    1.016   1.0001
  114                     1   1.0032        1   1.9967
  117                1.9999        1        1        1
  118                     1   1.0017        1   1.9982
  120                1.9952   1.0001   2.0001   1.0046
  123                1.0003   1.9996        1   1.0001
  128                1.9965    1.002   1.0002   1.0013
  136                1.0002   1.0041   1.9955   1.0001
  140                1.9929   1.0001   1.0013   1.0057
  142                1.0053   1.0004   1.9943   1.0001
  144                1.0027   1.0005   1.9967   1.0001
  145                     1        1        2        1
  150                1.0001   1.9997        1   1.0002
  152                     1        1        2        1
  153                1.9987   1.0007        1   1.0006
  156                1.9946   1.0053        1   1.0001
  157                1.9586   1.0014        1     2.04
  166                1.0025   1.0008   1.9967        1
  173                1.0001   1.0005   1.9991   1.0003
  181                1.9962        1        1   1.0038
  182                1.9981   1.0018        1        1
  200                     1        1        2        1
  224                     1        1        2        1
  225                1.9681        1   1.0319        1
  227                1.9684    1.003   1.0245   1.0041
  231                1.0006   1.0026   1.9959   1.0009
  242                1.9998   1.0001   1.0002        2
  249                1.9551    1.015   1.0298   1.0001
  269                1.9737   1.0015        1   1.0248
  271                1.0002   1.9997   1.0001        1
  278                1.9625   1.0256        1    1.012
  420                1.0019   1.9975   1.0001   1.0006
  528                1.0001   1.9826        1   1.0174
  648                     1   1.9995        1   1.0005
  [total]          115.6692 114.1568 159.1074 106.0665
ALBUMIN
  2.1                1.0004   1.0002        1   1.9994
  2.2                1.0001   1.9942        1   1.0057
  2.4                1.0022   1.0033        1   2.9945
  2.6                1.0002   1.0097   1.0001   3.9901
  2.7                2.9965    1.001   1.0004   2.0021
  2.8                1.0016   1.9827        1   3.0157
  2.9                1.0007   2.9935   2.0003   3.0054
  3                  2.9937   1.0284   2.9317   2.0463
  3.1                1.0082   1.0015    1.992   2.9983
  3.3                2.0027   2.0166        2   3.9807
  3.4                3.9447   1.9984   1.0492   1.0077
  3.5                2.9943   2.0987   1.9999   2.9071
  3.6                2.9256   1.0014   1.0319   1.0412
  3.7                1.9728   2.9968   1.0299   1.0005
  3.8                2.9105   4.0176   5.0585   1.0134
  3.817266           3.0044   7.9406    8.033    1.022
  3.9                4.9665   1.0141   4.9931   1.0262
  4                  2.0155   3.0331  21.9912   1.9602
  4.1                4.0045   3.0062   2.9959   1.9934
  4.2                2.0067   2.0078  11.9342   1.0514
  4.3                1.9829   1.0142   7.0019    1.001
  4.4                2.9903   2.9976   6.0119   1.0003
  4.5                2.9413        1   3.0548   1.0038
  4.6                1.0001   1.9991   2.0008        1
  4.7                     1        1        2        1
  4.8                     1   1.9998   1.0001        1
  4.9                1.0027   1.0005   2.9967   1.0001
  5                       1   1.9999   1.0001        1
  5.3                     1        1        2        1
  6.4                     1        1        2        1
  [total]           60.6692  59.1568 104.1074  51.0665
PROTIME
  0                       1        1        2        1
  21                      1        1        2        1
  23                      1   1.0017        1   1.9982
  29                 1.0027   2.9933   1.0002   1.0038
  30                      1   1.0001        1   1.9999
  31                 1.0012   1.0033   1.0001   3.9954
  32                 1.0022        1        1   1.9978
  35                 1.0019   2.0795        1   1.9186
  36                 1.9983   1.0005   1.0004   1.0008
  38                 1.9575   1.0013        1   1.0411
  39                 1.9991   1.0008        1   1.0002
  40                 1.0047   1.9951   1.0002        1
  41                 2.0109   1.9789   1.9933   1.0169
  42                      1        1        1        2
  43                      1   1.0006        1   1.9994
  46                 1.0026   3.9897   1.0001   2.0076
  47                      1        1        2        1
  48                 1.0058   1.0016   1.0002   1.9925
  50                 1.9477   1.0027   1.0491   2.0005
  51                 1.9737   1.0015        1   1.0248
  52                 1.0043   2.0018   2.9939        1
  54                 1.9552   1.0158   3.0286   1.0004
  56                  1.993   1.9999   1.0014   1.0057
  57                 3.0039   1.9905   1.0017    1.004
  58                 1.9946   1.0053        1   1.0001
  60                  1.001   1.0007   2.9983        1
  61.852273         12.0246   14.047  37.9585     6.97
  62                 1.0008        1   2.9992        1
  63                 1.9585   1.0009   1.9977   1.0428
  64                      1   1.0007   1.9993        1
  66                 1.9792   2.0041    1.963   2.0537
  67                 2.9619   1.0062   1.0319        1
  70                      1   1.0001   2.9999        1
  72                 1.0035        1   1.9958   1.0006
  73                      1   1.0102   1.9994   1.9904
  74                 1.9776   2.0105   2.0125   1.9994
  75                      1        1        2        1
  76                 1.0005        1   1.9995        1
  77                 1.0006   1.9992   1.0001   1.0001
  78                 1.0027   1.0005   1.9967   1.0001
  80                      1        1        2        1
  84                  1.988   1.0118        1   1.0002
  85                 1.0034   1.0001   4.9966        1
  90                  1.003   1.9999   2.9969   1.0002
  100                3.9047   2.0011   8.0928   1.0014
  [total]           75.6692  74.1568 119.1074  66.0665
HISTOLOGY
  no                10.9752  23.9743  52.0428   2.0076
  yes                21.694   7.1825  24.0646  21.0589
  [total]           32.6692  31.1568  76.1074  23.0665


Time taken to build model (full training data) : 0.21 seconds

=== Model and evaluation on training set ===

Clustered Instances

0       31 ( 20%)
1       29 ( 19%)
2       74 ( 48%)
3       21 ( 14%)


Log likelihood: -25.34481

